 SVX cage parameters:
   2.2000000
  0.50000000      0.20000000
   0.0000000
           6
  -40.000000      -26.500000      -26.500000       26.500000       26.500000       40.000000
   53.000000       53.000000       22.000000       22.000000       53.000000       53.000000
   0.0000000       0.0000000       0.0000000
 SVX barrel parameters:
4
2.63 5.13 11.765 16.687 1.214 
0 0 0 0 
4 4 5 6 
0.696 0.696 1.745 1.745 
0.01 0.01 0.03125 0.03125 
2.836 2.836 3.1877 3.1877 
0.019 0.019 0 0 
0.02 0.02 0 0 
26.7 13.6 17 12 
-13 -13.02 0 0 
2
5 5
   0.0000000       180.00000
2
10 10
   0.0000000       180.00000
2
8 8
   0.0000000       180.00000
2
12 12
   0.0000000       180.00000
 SVX barrel sensor rotation matrices and translation vectors

 0 1 1 1
 1.5600774 -2.0806022 8.5722427
 0.64813977 0.76152152 0
 -0.76152152 0.64813977 0
 0 0 1
 0 1 1 2
 1.5600774 -2.0806022 2.8802428
 0.64813977 0.76152152 0
 -0.76152152 0.64813977 0
 0 0 1
 0 1 1 3
 1.5600774 -2.0806022 -2.8117571
 0.64813977 0.76152152 0
 -0.76152152 0.64813977 0
 0 0 1
 0 1 1 4
 1.5600774 -2.0806022 -8.5037575
 0.64813977 0.76152152 0
 -0.76152152 0.64813977 0
 0 0 1
 0 1 2 1
 2.3505569 -1.1622256 8.575038
 0.23686297 0.97154301 0
 -0.97154301 0.23686297 0
 0 0 1
 0 1 2 2
 2.3505569 -1.1622256 2.8830378
 0.23686297 0.97154301 0
 -0.97154301 0.23686297 0
 0 0 1
 0 1 2 3
 2.3505569 -1.1622256 -2.8089621
 0.23686297 0.97154301 0
 -0.97154301 0.23686297 0
 0 0 1
 0 1 2 4
 2.3505569 -1.1622256 -8.5009623
 0.23686297 0.97154301 0
 -0.97154301 0.23686297 0
 0 0 1
 0 1 3 1
 2.6188989 0.019113768 8.566371
 -0.22492619 0.97437578 0
 -0.97437578 -0.22492619 0
 0 0 1
 0 1 3 2
 2.6188989 0.019113768 2.8743711
 -0.22492619 0.97437578 0
 -0.97437578 -0.22492619 0
 0 0 1
 0 1 3 3
 2.6188989 0.019113768 -2.8176291
 -0.22492619 0.97437578 0
 -0.97437578 -0.22492619 0
 0 0 1
 0 1 3 4
 2.6188989 0.019113768 -8.5096292
 -0.22492619 0.97437578 0
 -0.97437578 -0.22492619 0
 0 0 1
 0 1 4 1
 2.2983055 1.1932017 8.5815582
 -0.63874781 0.76941603 0
 -0.76941603 -0.63874781 0
 0 0 1
 0 1 4 2
 2.2983055 1.1932017 2.8895583
 -0.63874781 0.76941603 0
 -0.76941603 -0.63874781 0
 0 0 1
 0 1 4 3
 2.2983055 1.1932017 -2.8024416
 -0.63874781 0.76941603 0
 -0.76941603 -0.63874781 0
 0 0 1
 0 1 4 4
 2.2983055 1.1932017 -8.494442
 -0.63874781 0.76941603 0
 -0.76941603 -0.63874781 0
 0 0 1
 0 1 5 1
 1.5112787 2.1343699 8.5767288
 -0.91635257 0.40037239 0
 -0.40037239 -0.91635257 0
 0 0 1
 0 1 5 2
 1.5112787 2.1343699 2.8847291
 -0.91635257 0.40037239 0
 -0.40037239 -0.91635257 0
 0 0 1
 0 1 5 3
 1.5112787 2.1343699 -2.807271
 -0.91635257 0.40037239 0
 -0.40037239 -0.91635257 0
 0 0 1
 0 1 5 4
 1.5112787 2.1343699 -8.4992714
 -0.91635257 0.40037239 0
 -0.40037239 -0.91635257 0
 0 0 1
 0 1 6 1
 -1.5243578 2.1148012 -8.5507917
 0.91635239 0.40037259 0
 0.40037259 -0.91635239 0
 0 0 -1
 0 1 6 2
 -1.5243573 2.1148012 -2.8587916
 0.91635239 0.40037259 0
 0.40037259 -0.91635239 0
 0 0 -1
 0 1 6 3
 -1.5243568 2.1148012 2.8332081
 0.91635239 0.40037259 0
 0.40037259 -0.91635239 0
 0 0 -1
 0 1 6 4
 -1.5243564 2.1148012 8.5252085
 0.91635239 0.40037259 0
 0.40037259 -0.91635239 0
 0 0 -1
 0 1 7 1
 -2.3381858 1.2117689 -8.5480757
 0.63874805 0.76941597 0
 0.76941597 -0.63874805 0
 0 0 -1
 0 1 7 2
 -2.3381853 1.2117689 -2.856076
 0.63874805 0.76941597 0
 0.76941597 -0.63874805 0
 0 0 -1
 0 1 7 3
 -2.3381851 1.2117689 2.8359239
 0.63874805 0.76941597 0
 0.76941597 -0.63874805 0
 0 0 -1
 0 1 7 4
 -2.3381846 1.2117689 8.5279245
 0.63874805 0.76941597 0
 0.76941597 -0.63874805 0
 0 0 -1
 0 1 8 1
 -2.6358635 0.04059929 -8.5449924
 0.22492608 0.97437578 0
 0.97437578 -0.22492608 0
 0 0 -1
 0 1 8 2
 -2.6358628 0.040599287 -2.8529928
 0.22492608 0.97437578 0
 0.97437578 -0.22492608 0
 0 0 -1
 0 1 8 3
 -2.6358624 0.040599283 2.8390071
 0.22492608 0.97437578 0
 0.97437578 -0.22492608 0
 0 0 -1
 0 1 8 4
 -2.6358616 0.040599275 8.5310078
 0.22492608 0.97437578 0
 0.97437578 -0.22492608 0
 0 0 -1
 0 1 9 1
 -2.3732746 -1.1349573 -8.538537
 -0.23686306 0.97154307 0
 0.97154307 0.23686306 0
 0 0 -1
 0 1 9 2
 -2.3732741 -1.1349573 -2.8465374
 -0.23686306 0.97154307 0
 0.97154307 0.23686306 0
 0 0 -1
 0 1 9 3
 -2.3732736 -1.1349573 2.8454628
 -0.23686306 0.97154307 0
 0.97154307 0.23686306 0
 0 0 -1
 0 1 9 4
 -2.3732731 -1.1349573 8.5374632
 -0.23686306 0.97154307 0
 0.97154307 0.23686306 0
 0 0 -1
 0 1 10 1
 -1.6065065 -2.0629108 -8.5284834
 -0.64813924 0.76152176 0
 0.76152176 0.64813924 0
 0 0 -1
 0 1 10 2
 -1.606506 -2.0629108 -2.8364832
 -0.64813924 0.76152176 0
 0.76152176 0.64813924 0
 0 0 -1
 0 1 10 3
 -1.6065055 -2.0629108 2.8555167
 -0.64813924 0.76152176 0
 0.76152176 0.64813924 0
 0 0 -1
 0 1 10 4
 -1.606505 -2.0629108 8.5475168
 -0.64813924 0.76152176 0
 0.76152176 0.64813924 0
 0 0 -1
 0 2 1 1
 2.5084696 -4.5374579 8.541173
 0.74525201 0.66678286 0
 -0.66678286 0.74525201 0
 0 0 1
 0 2 1 2
 2.5084696 -4.5374579 2.8491738
 0.74525201 0.66678286 0
 -0.66678286 0.74525201 0
 0 0 1
 0 2 1 3
 2.5084696 -4.5374579 -2.8428261
 0.74525201 0.66678286 0
 -0.66678286 0.74525201 0
 0 0 1
 0 2 1 4
 2.5084696 -4.5374579 -8.5348272
 0.74525201 0.66678286 0
 -0.66678286 0.74525201 0
 0 0 1
 0 2 2 1
 3.5130503 -3.8057895 8.5416403
 0.56756717 0.82332718 0
 -0.82332718 0.56756717 0
 0 0 1
 0 2 2 2
 3.5130503 -3.8057895 2.8496408
 0.56756717 0.82332718 0
 -0.82332718 0.56756717 0
 0 0 1
 0 2 2 3
 3.5130503 -3.8057895 -2.8423591
 0.56756717 0.82332718 0
 -0.82332718 0.56756717 0
 0 0 1
 0 2 2 4
 3.5130503 -3.8057895 -8.5343599
 0.56756717 0.82332718 0
 -0.82332718 0.56756717 0
 0 0 1
 0 2 3 1
 4.3135858 -2.8730876 8.5437527
 0.35805473 0.93370068 0
 -0.93370068 0.35805473 0
 0 0 1
 0 2 3 2
 4.3135858 -2.8730876 2.8517525
 0.35805473 0.93370068 0
 -0.93370068 0.35805473 0
 0 0 1
 0 2 3 3
 4.3135858 -2.8730876 -2.8402474
 0.35805473 0.93370068 0
 -0.93370068 0.35805473 0
 0 0 1
 0 2 3 4
 4.3135858 -2.8730876 -8.5322475
 0.35805473 0.93370068 0
 -0.93370068 0.35805473 0
 0 0 1
 0 2 4 1
 4.8661442 -1.7798818 8.5462399
 0.12846246 0.99171436 0
 -0.99171436 0.12846246 0
 0 0 1
 0 2 4 2
 4.8661442 -1.7798818 2.8542395
 0.12846246 0.99171436 0
 -0.99171436 0.12846246 0
 0 0 1
 0 2 4 3
 4.8661442 -1.7798818 -2.8377607
 0.12846246 0.99171436 0
 -0.99171436 0.12846246 0
 0 0 1
 0 2 4 4
 4.8661442 -1.7798818 -8.5297604
 0.12846246 0.99171436 0
 -0.99171436 0.12846246 0
 0 0 1
 0 2 5 1
 5.1521688 -0.58452559 8.5478344
 -0.1083333 0.99411464 0
 -0.99411464 -0.1083333 0
 0 0 1
 0 2 5 2
 5.1521688 -0.58452559 2.8558338
 -0.1083333 0.99411464 0
 -0.99411464 -0.1083333 0
 0 0 1
 0 2 5 3
 5.1521688 -0.58452559 -2.8361661
 -0.1083333 0.99411464 0
 -0.99411464 -0.1083333 0
 0 0 1
 0 2 5 4
 5.1521688 -0.58452559 -8.5281658
 -0.1083333 0.99411464 0
 -0.99411464 -0.1083333 0
 0 0 1
 0 2 6 1
 5.1371574 0.64070851 8.5584154
 -0.33905396 0.94076693 0
 -0.94076693 -0.33905396 0
 0 0 1
 0 2 6 2
 5.1371574 0.64070851 2.8664155
 -0.33905396 0.94076693 0
 -0.94076693 -0.33905396 0
 0 0 1
 0 2 6 3
 5.1371574 0.64070851 -2.8255844
 -0.33905396 0.94076693 0
 -0.94076693 -0.33905396 0
 0 0 1
 0 2 6 4
 5.1371574 0.64070851 -8.5175858
 -0.33905396 0.94076693 0
 -0.94076693 -0.33905396 0
 0 0 1
 0 2 7 1
 4.8469696 1.8413968 8.5640564
 -0.5507611 0.83466291 0
 -0.83466291 -0.5507611 0
 0 0 1
 0 2 7 2
 4.8469696 1.8413968 2.8720567
 -0.5507611 0.83466291 0
 -0.83466291 -0.5507611 0
 0 0 1
 0 2 7 3
 4.8469696 1.8413968 -2.8199432
 -0.5507611 0.83466291 0
 -0.83466291 -0.5507611 0
 0 0 1
 0 2 7 4
 4.8469696 1.8413968 -8.5119438
 -0.5507611 0.83466291 0
 -0.83466291 -0.5507611 0
 0 0 1
 0 2 8 1
 4.2669311 2.9357829 8.5627813
 -0.73158258 0.68175286 0
 -0.68175286 -0.73158258 0
 0 0 1
 0 2 8 2
 4.2669311 2.9357829 2.8707814
 -0.73158258 0.68175286 0
 -0.68175286 -0.73158258 0
 0 0 1
 0 2 8 3
 4.2669311 2.9357829 -2.8212185
 -0.73158258 0.68175286 0
 -0.68175286 -0.73158258 0
 0 0 1
 0 2 8 4
 4.2669311 2.9357829 -8.5132189
 -0.73158258 0.68175286 0
 -0.68175286 -0.73158258 0
 0 0 1
 0 2 9 1
 3.4471977 3.8592083 8.5735912
 -0.87137854 0.49061114 0
 -0.49061114 -0.87137854 0
 0 0 1
 0 2 9 2
 3.4471977 3.8592083 2.8815911
 -0.87137854 0.49061114 0
 -0.49061114 -0.87137854 0
 0 0 1
 0 2 9 3
 3.4471977 3.8592083 -2.8104086
 -0.87137854 0.49061114 0
 -0.49061114 -0.87137854 0
 0 0 1
 0 2 9 4
 3.4471977 3.8592083 -8.502409
 -0.87137854 0.49061114 0
 -0.49061114 -0.87137854 0
 0 0 1
 0 2 10 1
 2.4284914 4.5717101 8.5905609
 -0.96230936 0.27195698 0
 -0.27195698 -0.96230936 0
 0 0 1
 0 2 10 2
 2.4284914 4.5717101 2.898561
 -0.96230936 0.27195698 0
 -0.27195698 -0.96230936 0
 0 0 1
 0 2 10 3
 2.4284914 4.5717101 -2.7934389
 -0.96230936 0.27195698 0
 -0.27195698 -0.96230936 0
 0 0 1
 0 2 10 4
 2.4284914 4.5717101 -8.4854393
 -0.96230936 0.27195698 0
 -0.27195698 -0.96230936 0
 0 0 1
 0 2 11 1
 -2.4470294 4.5683327 -8.5732803
 0.96230942 0.27195695 0
 0.27195695 -0.96230942 0
 0 0 -1
 0 2 11 2
 -2.4470291 4.5683327 -2.8812811
 0.96230942 0.27195695 0
 0.27195695 -0.96230942 0
 0 0 -1
 0 2 11 3
 -2.4470286 4.5683327 2.8107188
 0.96230942 0.27195695 0
 0.27195695 -0.96230942 0
 0 0 -1
 0 2 11 4
 -2.4470282 4.5683327 8.5027189
 0.96230942 0.27195695 0
 0.27195695 -0.96230942 0
 0 0 -1
 0 2 12 1
 -3.4611092 3.8589222 -8.563673
 0.8713786 0.49061114 0
 0.49061114 -0.8713786 0
 0 0 -1
 0 2 12 2
 -3.4611087 3.8589222 -2.8716736
 0.8713786 0.49061114 0
 0.49061114 -0.8713786 0
 0 0 -1
 0 2 12 3
 -3.4611082 3.8589222 2.8203263
 0.8713786 0.49061114 0
 0.49061114 -0.8713786 0
 0 0 -1
 0 2 12 4
 -3.4611077 3.8589222 8.5123272
 0.8713786 0.49061114 0
 0.49061114 -0.8713786 0
 0 0 -1
 0 2 13 1
 -4.2681766 2.9402804 -8.5475159
 0.73158276 0.6817525 0
 0.6817525 -0.73158276 0
 0 0 -1
 0 2 13 2
 -4.2681761 2.9402804 -2.8555162
 0.73158276 0.6817525 0
 0.6817525 -0.73158276 0
 0 0 -1
 0 2 13 3
 -4.2681761 2.9402804 2.8364837
 0.73158276 0.6817525 0
 0.6817525 -0.73158276 0
 0 0 -1
 0 2 13 4
 -4.2681756 2.9402804 8.5284843
 0.73158276 0.6817525 0
 0.6817525 -0.73158276 0
 0 0 -1
 0 2 14 1
 -4.8425364 1.8584991 -8.5369797
 0.5507611 0.83466291 0
 0.83466291 -0.5507611 0
 0 0 -1
 0 2 14 2
 -4.842536 1.8584989 -2.8449798
 0.5507611 0.83466291 0
 0.83466291 -0.5507611 0
 0 0 -1
 0 2 14 3
 -4.8425355 1.8584989 2.8470204
 0.5507611 0.83466291 0
 0.83466291 -0.5507611 0
 0 0 -1
 0 2 14 4
 -4.842535 1.8584989 8.5390205
 0.5507611 0.83466291 0
 0.83466291 -0.5507611 0
 0 0 -1
 0 2 15 1
 -5.1425853 0.67047179 -8.5328932
 0.33905399 0.94076687 0
 0.94076687 -0.33905399 0
 0 0 -1
 0 2 15 2
 -5.1425848 0.67047179 -2.8408928
 0.33905399 0.94076687 0
 0.94076687 -0.33905399 0
 0 0 -1
 0 2 15 3
 -5.1425843 0.67047179 2.8511071
 0.33905399 0.94076687 0
 0.94076687 -0.33905399 0
 0 0 -1
 0 2 15 4
 -5.1425838 0.67047179 8.543107
 0.33905399 0.94076687 0
 0.94076687 -0.33905399 0
 0 0 -1
 0 2 16 1
 -5.1483679 -0.55473357 -8.5212765
 0.10833333 0.99411464 0
 0.99411464 -0.10833333 0
 0 0 -1
 0 2 16 2
 -5.1483674 -0.55473357 -2.8292773
 0.10833333 0.99411464 0
 0.99411464 -0.10833333 0
 0 0 -1
 0 2 16 3
 -5.1483669 -0.55473357 2.8627226
 0.10833333 0.99411464 0
 0.99411464 -0.10833333 0
 0 0 -1
 0 2 16 4
 -5.1483665 -0.55473357 8.5547237
 0.10833333 0.99411464 0
 0.99411464 -0.10833333 0
 0 0 -1
 0 2 17 1
 -4.8801651 -1.7495884 -8.5226851
 -0.12846243 0.99171436 0
 0.99171436 0.12846243 0
 0 0 -1
 0 2 17 2
 -4.8801641 -1.7495884 -2.8306861
 -0.12846243 0.99171436 0
 0.99171436 0.12846243 0
 0 0 -1
 0 2 17 3
 -4.8801637 -1.7495884 2.8613138
 -0.12846243 0.99171436 0
 0.99171436 0.12846243 0
 0 0 -1
 0 2 17 4
 -4.8801632 -1.7495884 8.5533152
 -0.12846243 0.99171436 0
 0.99171436 0.12846243 0
 0 0 -1
 0 2 18 1
 -4.338037 -2.8447933 -8.506608
 -0.35805428 0.93370074 0
 0.93370074 0.35805428 0
 0 0 -1
 0 2 18 2
 -4.3380365 -2.8447933 -2.8146079
 -0.35805428 0.93370074 0
 0.93370074 0.35805428 0
 0 0 -1
 0 2 18 3
 -4.3380361 -2.8447933 2.8773921
 -0.35805428 0.93370074 0
 0.93370074 0.35805428 0
 0 0 -1
 0 2 18 4
 -4.3380356 -2.8447933 8.5693932
 -0.35805428 0.93370074 0
 0.93370074 0.35805428 0
 0 0 -1
 0 2 19 1
 -3.5380223 -3.7863133 -8.508997
 -0.56756705 0.82332712 0
 0.82332712 0.56756705 0
 0 0 -1
 0 2 19 2
 -3.5380218 -3.7863133 -2.8169973
 -0.56756705 0.82332712 0
 0.82332712 0.56756705 0
 0 0 -1
 0 2 19 3
 -3.5380211 -3.7863133 2.8750024
 -0.56756705 0.82332712 0
 0.82332712 0.56756705 0
 0 0 -1
 0 2 19 4
 -3.5380208 -3.7863133 8.5670033
 -0.56756705 0.82332712 0
 0.82332712 0.56756705 0
 0 0 -1
 0 2 20 1
 -2.5489545 -4.5187755 -8.4935036
 -0.74525195 0.66678298 0
 0.66678298 0.74525195 0
 0 0 -1
 0 2 20 2
 -2.548954 -4.5187755 -2.8015039
 -0.74525195 0.66678298 0
 0.66678298 0.74525195 0
 0 0 -1
 0 2 20 3
 -2.5489535 -4.5187755 2.890496
 -0.74525195 0.66678298 0
 0.66678298 0.74525195 0
 0 0 -1
 0 2 20 4
 -2.5489531 -4.5187755 8.5824966
 -0.74525195 0.66678298 0
 0.66678298 0.74525195 0
 0 0 -1
 0 3 1 1
 5.6484294 -10.320392 12.7508
 -0.87806648 -0.47853845 1.1859817e-07
 -0.47853863 0.87806654 -3.4927844e-08
 -8.7422777e-08 0 -1
 0 3 1 2
 5.6484289 -10.320392 6.3754005
 -0.87806648 -0.47853845 1.1859817e-07
 -0.47853863 0.87806654 -3.4927844e-08
 -8.7422777e-08 0 -1
 0 3 1 3
 5.648428 -10.320392 3.9683448e-07
 -0.87806648 -0.47853845 1.1859817e-07
 -0.47853863 0.87806654 -3.4927844e-08
 -8.7422777e-08 0 -1
 0 3 1 4
 5.6484275 -10.320392 -6.3753996
 -0.87806648 -0.47853845 1.1859817e-07
 -0.47853863 0.87806654 -3.4927844e-08
 -8.7422777e-08 0 -1
 0 3 1 5
 5.648427 -10.320392 -12.7508
 -0.87806648 -0.47853845 1.1859817e-07
 -0.47853863 0.87806654 -3.4927844e-08
 -8.7422777e-08 0 -1
 0 3 2 1
 7.5601315 -7.0833635 12.7508
 -0.68670678 -0.72693443 1.2358444e-07
 -0.72693437 0.68670702 3.5167886e-09
 -8.7422777e-08 0 -1
 0 3 2 2
 7.5601306 -7.0833635 6.3754001
 -0.68670678 -0.72693443 1.2358444e-07
 -0.72693437 0.68670702 3.5167886e-09
 -8.7422777e-08 0 -1
 0 3 2 3
 7.5601301 -7.0833635 -3.7261987e-08
 -0.68670678 -0.72693443 1.2358444e-07
 -0.72693437 0.68670702 3.5167886e-09
 -8.7422777e-08 0 -1
 0 3 2 4
 7.5601296 -7.0833635 -6.3754001
 -0.68670678 -0.72693443 1.2358444e-07
 -0.72693437 0.68670702 3.5167886e-09
 -8.7422777e-08 0 -1
 0 3 2 5
 7.5601292 -7.0833635 -12.7508
 -0.68670678 -0.72693443 1.2358444e-07
 -0.72693437 0.68670702 3.5167886e-09
 -8.7422777e-08 0 -1
 0 3 3 1
 11.560098 -5.6067176 12.750799
 -0.44166213 -0.89718139 1.1704542e-07
 -0.89718139 0.4416624 3.982273e-08
 -8.7422777e-08 0 -1
 0 3 3 2
 11.560098 -5.6067176 6.3753996
 -0.44166213 -0.89718139 1.1704542e-07
 -0.89718139 0.4416624 3.982273e-08
 -8.7422777e-08 0 -1
 0 3 3 3
 11.560095 -5.6067176 -4.9994486e-07
 -0.44166213 -0.89718139 1.1704542e-07
 -0.89718139 0.4416624 3.982273e-08
 -8.7422777e-08 0 -1
 0 3 3 4
 11.560095 -5.6067176 -6.3754005
 -0.44166213 -0.89718139 1.1704542e-07
 -0.89718139 0.4416624 3.982273e-08
 -8.7422777e-08 0 -1
 0 3 3 5
 11.560095 -5.6067176 -12.750801
 -0.44166213 -0.89718139 1.1704542e-07
 -0.89718139 0.4416624 3.982273e-08
 -8.7422777e-08 0 -1
 0 3 4 1
 11.594672 -1.9946897 12.750799
 -0.17622556 -0.98434979 1.0146073e-07
 -0.98434979 0.17622574 7.0648454e-08
 -8.7422777e-08 0 -1
 0 3 4 2
 11.59467 -1.9946897 6.3753991
 -0.17622556 -0.98434979 1.0146073e-07
 -0.98434979 0.17622574 7.0648454e-08
 -8.7422777e-08 0 -1
 0 3 4 3
 11.59467 -1.9946897 -8.0884655e-07
 -0.17622556 -0.98434979 1.0146073e-07
 -0.98434979 0.17622574 7.0648454e-08
 -8.7422777e-08 0 -1
 0 3 4 4
 11.59467 -1.9946897 -6.375401
 -0.17622556 -0.98434979 1.0146073e-07
 -0.98434979 0.17622574 7.0648454e-08
 -8.7422777e-08 0 -1
 0 3 4 5
 11.59467 -1.9946897 -12.750801
 -0.17622556 -0.98434979 1.0146073e-07
 -0.98434979 0.17622574 7.0648454e-08
 -8.7422777e-08 0 -1
 0 3 5 1
 10.255306 1.4691201 12.750799
 0.13727199 -0.99053341 7.4594489e-08
 -0.99053341 -0.13727181 9.8595862e-08
 -8.7422777e-08 0 -1
 0 3 5 2
 10.255306 1.4691201 6.3753991
 0.13727199 -0.99053341 7.4594489e-08
 -0.99053341 -0.13727181 9.8595862e-08
 -8.7422777e-08 0 -1
 0 3 5 3
 10.255305 1.4691201 -9.8947885e-07
 0.13727199 -0.99053341 7.4594489e-08
 -0.99053341 -0.13727181 9.8595862e-08
 -8.7422777e-08 0 -1
 0 3 5 4
 10.255304 1.4691201 -6.375401
 0.13727199 -0.99053341 7.4594489e-08
 -0.99053341 -0.13727181 9.8595862e-08
 -8.7422777e-08 0 -1
 0 3 5 5
 10.255304 1.4691201 -12.750801
 0.13727199 -0.99053341 7.4594489e-08
 -0.99053341 -0.13727181 9.8595862e-08
 -8.7422777e-08 0 -1
 0 3 6 1
 11.606322 5.5103927 12.750798
 0.42340913 -0.90593863 4.2184073e-08
 -0.90593857 -0.42340899 1.1621526e-07
 -8.7422777e-08 0 -1
 0 3 6 2
 11.606321 5.5103927 6.3753986
 0.42340913 -0.90593863 4.2184073e-08
 -0.90593857 -0.42340899 1.1621526e-07
 -8.7422777e-08 0 -1
 0 3 6 3
 11.606321 5.5103927 -1.4550808e-06
 0.42340913 -0.90593863 4.2184073e-08
 -0.90593857 -0.42340899 1.1621526e-07
 -8.7422777e-08 0 -1
 0 3 6 4
 11.60632 5.5103927 -6.3754015
 0.42340913 -0.90593863 4.2184073e-08
 -0.90593857 -0.42340899 1.1621526e-07
 -8.7422777e-08 0 -1
 0 3 6 5
 11.60632 5.5103927 -12.750802
 0.42340913 -0.90593863 4.2184073e-08
 -0.90593857 -0.42340899 1.1621526e-07
 -8.7422777e-08 0 -1
 0 3 7 1
 8.8025141 7.8058281 12.750799
 0.65750682 -0.75344861 8.3875022e-09
 -0.75344855 -0.6575067 1.2334964e-07
 -8.7422777e-08 0 -1
 0 3 7 2
 8.8025131 7.8058281 6.3753986
 0.65750682 -0.75344861 8.3875022e-09
 -0.75344855 -0.6575067 1.2334964e-07
 -8.7422777e-08 0 -1
 0 3 7 3
 8.8025131 7.8058281 -1.4106942e-06
 0.65750682 -0.75344861 8.3875022e-09
 -0.75344855 -0.6575067 1.2334964e-07
 -8.7422777e-08 0 -1
 0 3 7 4
 8.8025122 7.8058281 -6.3754015
 0.65750682 -0.75344861 8.3875022e-09
 -0.75344855 -0.6575067 1.2334964e-07
 -8.7422777e-08 0 -1
 0 3 7 5
 8.8025122 7.8058281 -12.750801
 0.65750682 -0.75344861 8.3875022e-09
 -0.75344855 -0.6575067 1.2334964e-07
 -8.7422777e-08 0 -1
 0 3 8 1
 5.2450895 8.9341269 12.750799
 0.8585127 -0.51279235 -3.0223823e-08
 -0.51279235 -0.85851264 1.1988328e-07
 -8.7422777e-08 0 -1
 0 3 8 2
 5.2450891 8.9341269 6.3753986
 0.8585127 -0.51279235 -3.0223823e-08
 -0.51279235 -0.85851264 1.1988328e-07
 -8.7422777e-08 0 -1
 0 3 8 3
 5.2450886 8.9341269 -1.2026724e-06
 0.8585127 -0.51279235 -3.0223823e-08
 -0.51279235 -0.85851264 1.1988328e-07
 -8.7422777e-08 0 -1
 0 3 8 4
 5.2450876 8.9341269 -6.3754015
 0.8585127 -0.51279235 -3.0223823e-08
 -0.51279235 -0.85851264 1.1988328e-07
 -8.7422777e-08 0 -1
 0 3 8 5
 5.2450871 8.9341269 -12.750801
 0.8585127 -0.51279235 -3.0223823e-08
 -0.51279235 -0.85851264 1.1988328e-07
 -8.7422777e-08 0 -1
 0 3 9 1
 -5.2270575 8.9446898 -12.7508
 -0.85851264 -0.51279235 3.246052e-08
 0.51279253 -0.85851264 -5.7198957e-08
 0 0 1
 0 3 9 2
 -5.2270575 8.9446898 -6.3754005
 -0.85851264 -0.51279235 3.246052e-08
 0.51279253 -0.85851264 -5.7198957e-08
 0 0 1
 0 3 9 3
 -5.2270575 8.9446898 -3.0473325e-07
 -0.85851264 -0.51279235 3.246052e-08
 0.51279253 -0.85851264 -5.7198957e-08
 0 0 1
 0 3 9 4
 -5.2270575 8.9446898 6.3753996
 -0.85851264 -0.51279235 3.246052e-08
 0.51279253 -0.85851264 -5.7198957e-08
 0 0 1
 0 3 9 5
 -5.2270575 8.9446898 12.7508
 -0.85851264 -0.51279235 3.246052e-08
 0.51279253 -0.85851264 -5.7198957e-08
 0 0 1
 0 3 10 1
 -8.8119259 7.7952032 -12.7508
 -0.6575067 -0.75344861 3.592686e-08
 0.75344872 -0.6575067 -9.5810293e-08
 0 0 1
 0 3 10 2
 -8.8119259 7.7952032 -6.3754001
 -0.6575067 -0.75344861 3.592686e-08
 0.75344872 -0.6575067 -9.5810293e-08
 0 0 1
 0 3 10 3
 -8.8119259 7.7952032 9.3743949e-08
 -0.6575067 -0.75344861 3.592686e-08
 0.75344872 -0.6575067 -9.5810293e-08
 0 0 1
 0 3 10 4
 -8.8119259 7.7952032 6.3754001
 -0.6575067 -0.75344861 3.592686e-08
 0.75344872 -0.6575067 -9.5810293e-08
 0 0 1
 0 3 10 5
 -8.8119259 7.7952032 12.7508
 -0.6575067 -0.75344861 3.592686e-08
 0.75344872 -0.6575067 -9.5810293e-08
 0 0 1
 0 3 11 1
 -11.594907 5.5343728 -12.750799
 -0.42340893 -0.90593863 2.8792485e-08
 0.90593868 -0.42340901 -1.2960686e-07
 0 0 1
 0 3 11 2
 -11.594907 5.5343728 -6.3753996
 -0.42340893 -0.90593863 2.8792485e-08
 0.90593868 -0.42340901 -1.2960686e-07
 0 0 1
 0 3 11 3
 -11.594907 5.5343728 5.2538621e-07
 -0.42340893 -0.90593863 2.8792485e-08
 0.90593868 -0.42340901 -1.2960686e-07
 0 0 1
 0 3 11 4
 -11.594907 5.5343728 6.3754005
 -0.42340893 -0.90593863 2.8792485e-08
 0.90593868 -0.42340901 -1.2960686e-07
 0 0 1
 0 3 11 5
 -11.594907 5.5343728 12.750801
 -0.42340893 -0.90593863 2.8792485e-08
 0.90593868 -0.42340901 -1.2960686e-07
 0 0 1
 0 3 12 1
 -10.25091 1.4994761 -12.750799
 -0.13727154 -0.99053347 1.1173078e-08
 0.99053341 -0.13727161 -1.6201729e-07
 0 0 1
 0 3 12 2
 -10.25091 1.4994761 -6.3753991
 -0.13727154 -0.99053347 1.1173078e-08
 0.99053341 -0.13727161 -1.6201729e-07
 0 0 1
 0 3 12 3
 -10.25091 1.4994761 7.450227e-07
 -0.13727154 -0.99053347 1.1173078e-08
 0.99053341 -0.13727161 -1.6201729e-07
 0 0 1
 0 3 12 4
 -10.25091 1.4994761 6.375401
 -0.13727154 -0.99053347 1.1173078e-08
 0.99053341 -0.13727161 -1.6201729e-07
 0 0 1
 0 3 12 5
 -10.25091 1.4994761 12.750801
 -0.13727154 -0.99053347 1.1173078e-08
 0.99053341 -0.13727161 -1.6201729e-07
 0 0 1
 0 3 13 1
 -11.597466 -1.9783834 -12.750799
 0.17622589 -0.98434979 -1.6774337e-08
 0.98434979 0.17622587 -1.8888352e-07
 0 0 1
 0 3 13 2
 -11.597466 -1.9783834 -6.3753991
 0.17622589 -0.98434979 -1.6774337e-08
 0.98434979 0.17622587 -1.8888352e-07
 0 0 1
 0 3 13 3
 -11.597466 -1.9783834 1.1566405e-06
 0.17622589 -0.98434979 -1.6774337e-08
 0.98434979 0.17622587 -1.8888352e-07
 0 0 1
 0 3 13 4
 -11.597466 -1.9783834 6.375401
 0.17622589 -0.98434979 -1.6774337e-08
 0.98434979 0.17622587 -1.8888352e-07
 0 0 1
 0 3 13 5
 -11.597466 -1.9783834 12.750801
 0.17622589 -0.98434979 -1.6774337e-08
 0.98434979 0.17622587 -1.8888352e-07
 0 0 1
 0 3 14 1
 -11.577267 -5.5711727 -12.750798
 0.44166255 -0.89718127 -4.7600057e-08
 0.89718127 0.44166246 -2.0446822e-07
 0 0 1
 0 3 14 2
 -11.577267 -5.5711727 -6.3753986
 0.44166255 -0.89718127 -4.7600057e-08
 0.89718127 0.44166246 -2.0446822e-07
 0 0 1
 0 3 14 3
 -11.577267 -5.5711727 1.4613778e-06
 0.44166255 -0.89718127 -4.7600057e-08
 0.89718127 0.44166246 -2.0446822e-07
 0 0 1
 0 3 14 4
 -11.577267 -5.5711727 6.3754015
 0.44166255 -0.89718127 -4.7600057e-08
 0.89718127 0.44166246 -2.0446822e-07
 0 0 1
 0 3 14 5
 -11.577267 -5.5711727 12.750802
 0.44166255 -0.89718127 -4.7600057e-08
 0.89718127 0.44166246 -2.0446822e-07
 0 0 1
 0 3 15 1
 -7.6099925 -7.0297651 -12.750799
 0.68670696 -0.72693437 -8.3905981e-08
 0.72693431 0.68670696 -2.1100723e-07
 0 0 1
 0 3 15 2
 -7.6099925 -7.0297651 -6.3753986
 0.68670696 -0.72693437 -8.3905981e-08
 0.72693431 0.68670696 -2.1100723e-07
 0 0 1
 0 3 15 3
 -7.6099925 -7.0297651 1.2356569e-06
 0.68670696 -0.72693437 -8.3905981e-08
 0.72693431 0.68670696 -2.1100723e-07
 0 0 1
 0 3 15 4
 -7.6099925 -7.0297651 6.3754015
 0.68670696 -0.72693437 -8.3905981e-08
 0.72693431 0.68670696 -2.1100723e-07
 0 0 1
 0 3 15 5
 -7.6099925 -7.0297651 12.750801
 0.68670696 -0.72693437 -8.3905981e-08
 0.72693431 0.68670696 -2.1100723e-07
 0 0 1
 0 3 16 1
 -5.7308769 -10.274836 -12.750799
 0.8780666 -0.47853857 -1.2235063e-07
 0.47853842 0.87806654 -2.0602096e-07
 0 0 1
 0 3 16 2
 -5.7308769 -10.274836 -6.3753986
 0.8780666 -0.47853857 -1.2235063e-07
 0.47853842 0.87806654 -2.0602096e-07
 0 0 1
 0 3 16 3
 -5.7308769 -10.274836 1.35235e-06
 0.8780666 -0.47853857 -1.2235063e-07
 0.47853842 0.87806654 -2.0602096e-07
 0 0 1
 0 3 16 4
 -5.7308769 -10.274836 6.3754015
 0.8780666 -0.47853857 -1.2235063e-07
 0.47853842 0.87806654 -2.0602096e-07
 0 0 1
 0 3 16 5
 -5.7308769 -10.274836 12.750801
 0.8780666 -0.47853857 -1.2235063e-07
 0.47853842 0.87806654 -2.0602096e-07
 0 0 1
 0 4 1 1
 6.5736008 -14.007194 -15.938498
 0.90726435 0.42056072 -2.0350495e-07
 -0.42056099 0.90726435 -1.2997174e-07
 0 0 1
 0 4 1 2
 6.5736008 -14.007194 -9.563098
 0.90726435 0.42056072 -2.0350495e-07
 -0.42056099 0.90726435 -1.2997174e-07
 0 0 1
 0 4 1 3
 6.5736008 -14.007194 -3.1876981
 0.90726435 0.42056072 -2.0350495e-07
 -0.42056099 0.90726435 -1.2997174e-07
 0 0 1
 0 4 1 4
 6.5736008 -14.007194 3.1877019
 0.90726435 0.42056072 -2.0350495e-07
 -0.42056099 0.90726435 -1.2997174e-07
 0 0 1
 0 4 1 5
 6.5736008 -14.007194 9.5631018
 0.90726435 0.42056072 -2.0350495e-07
 -0.42056099 0.90726435 -1.2997174e-07
 0 0 1
 0 4 1 6
 6.5736008 -14.007194 15.938502
 0.90726435 0.42056072 -2.0350495e-07
 -0.42056099 0.90726435 -1.2997174e-07
 0 0 1
 0 4 2 1
 10.214836 -13.19519 -15.938499
 0.79536754 0.60612732 -2.0994537e-07
 -0.6061272 0.79536784 -1.0396672e-07
 0 0 1
 0 4 2 2
 10.214836 -13.19519 -9.5630989
 0.79536754 0.60612732 -2.0994537e-07
 -0.6061272 0.79536784 -1.0396672e-07
 0 0 1
 0 4 2 3
 10.214836 -13.19519 -3.1876986
 0.79536754 0.60612732 -2.0994537e-07
 -0.6061272 0.79536784 -1.0396672e-07
 0 0 1
 0 4 2 4
 10.214836 -13.19519 3.1877015
 0.79536754 0.60612732 -2.0994537e-07
 -0.6061272 0.79536784 -1.0396672e-07
 0 0 1
 0 4 2 5
 10.214836 -13.19519 9.5631008
 0.79536754 0.60612732 -2.0994537e-07
 -0.6061272 0.79536784 -1.0396672e-07
 0 0 1
 0 4 2 6
 10.214836 -13.19519 15.938501
 0.79536754 0.60612732 -2.0994537e-07
 -0.6061272 0.79536784 -1.0396672e-07
 0 0 1
 0 4 3 1
 13.54998 -11.698025 -15.938499
 0.65763831 0.75333381 -2.1077389e-07
 -0.75333399 0.65763813 -7.9056782e-08
 0 0 1
 0 4 3 2
 13.54998 -11.698025 -9.5630989
 0.65763831 0.75333381 -2.1077389e-07
 -0.75333399 0.65763813 -7.9056782e-08
 0 0 1
 0 4 3 3
 13.54998 -11.698025 -3.1876991
 0.65763831 0.75333381 -2.1077389e-07
 -0.75333399 0.65763813 -7.9056782e-08
 0 0 1
 0 4 3 4
 13.54998 -11.698025 3.187701
 0.65763831 0.75333381 -2.1077389e-07
 -0.75333399 0.65763813 -7.9056782e-08
 0 0 1
 0 4 3 5
 13.54998 -11.698025 9.5631008
 0.65763831 0.75333381 -2.1077389e-07
 -0.75333399 0.65763813 -7.9056782e-08
 0 0 1
 0 4 3 6
 13.54998 -11.698025 15.938501
 0.65763831 0.75333381 -2.1077389e-07
 -0.75333399 0.65763813 -7.9056782e-08
 0 0 1
 0 4 4 1
 13.558856 -7.4546032 -15.9385
 0.48603019 0.87394196 -2.0631532e-07
 -0.87394214 0.4860301 -5.351043e-08
 0 0 1
 0 4 4 2
 13.558856 -7.4546032 -9.5630999
 0.48603019 0.87394196 -2.0631532e-07
 -0.87394214 0.4860301 -5.351043e-08
 0 0 1
 0 4 4 3
 13.558856 -7.4546032 -3.1876993
 0.48603019 0.87394196 -2.0631532e-07
 -0.87394214 0.4860301 -5.351043e-08
 0 0 1
 0 4 4 4
 13.558856 -7.4546032 3.1877007
 0.48603019 0.87394196 -2.0631532e-07
 -0.87394214 0.4860301 -5.351043e-08
 0 0 1
 0 4 4 5
 13.558856 -7.4546032 9.5630999
 0.48603019 0.87394196 -2.0631532e-07
 -0.87394214 0.4860301 -5.351043e-08
 0 0 1
 0 4 4 6
 13.558856 -7.4546032 15.9385
 0.48603019 0.87394196 -2.0631532e-07
 -0.87394214 0.4860301 -5.351043e-08
 0 0 1
 0 4 5 1
 16.016626 -4.6822643 -15.9385
 0.28635693 0.95812297 -1.9621868e-07
 -0.95812297 0.28635705 -2.869513e-08
 0 0 1
 0 4 5 2
 16.016626 -4.6822643 -9.5630999
 0.28635693 0.95812297 -1.9621868e-07
 -0.95812297 0.28635705 -2.869513e-08
 0 0 1
 0 4 5 3
 16.016626 -4.6822643 -3.1876998
 0.28635693 0.95812297 -1.9621868e-07
 -0.95812297 0.28635705 -2.869513e-08
 0 0 1
 0 4 5 4
 16.016626 -4.6822643 3.1877003
 0.28635693 0.95812297 -1.9621868e-07
 -0.95812297 0.28635705 -2.869513e-08
 0 0 1
 0 4 5 5
 16.016626 -4.6822643 9.5630999
 0.28635693 0.95812297 -1.9621868e-07
 -0.95812297 0.28635705 -2.869513e-08
 0 0 1
 0 4 5 6
 16.016626 -4.6822643 15.9385
 0.28635693 0.95812297 -1.9621868e-07
 -0.95812297 0.28635705 -2.869513e-08
 0 0 1
 0 4 6 1
 17.83987 -1.4781041 -15.9385
 0.088372588 0.99608749 -1.8222929e-07
 -0.99608743 0.088372946 -8.0678504e-09
 0 0 1
 0 4 6 2
 17.83987 -1.4781041 -9.5630999
 0.088372588 0.99608749 -1.8222929e-07
 -0.99608743 0.088372946 -8.0678504e-09
 0 0 1
 0 4 6 3
 17.83987 -1.4781041 -3.1877003
 0.088372588 0.99608749 -1.8222929e-07
 -0.99608743 0.088372946 -8.0678504e-09
 0 0 1
 0 4 6 4
 17.83987 -1.4781041 3.1876998
 0.088372588 0.99608749 -1.8222929e-07
 -0.99608743 0.088372946 -8.0678504e-09
 0 0 1
 0 4 6 5
 17.83987 -1.4781041 9.5630999
 0.088372588 0.99608749 -1.8222929e-07
 -0.99608743 0.088372946 -8.0678504e-09
 0 0 1
 0 4 6 6
 17.83987 -1.4781041 15.9385
 0.088372588 0.99608749 -1.8222929e-07
 -0.99608743 0.088372946 -8.0678504e-09
 0 0 1
 0 4 7 1
 15.34988 1.9480369 -15.938501
 -0.12134953 0.99260986 -1.6359078e-07
 -0.99260986 -0.12134964 9.9626511e-09
 0 0 1
 0 4 7 2
 15.34988 1.9480369 -9.5631008
 -0.12134953 0.99260986 -1.6359078e-07
 -0.99260986 -0.12134964 9.9626511e-09
 0 0 1
 0 4 7 3
 15.34988 1.9480369 -3.1877003
 -0.12134953 0.99260986 -1.6359078e-07
 -0.99260986 -0.12134964 9.9626511e-09
 0 0 1
 0 4 7 4
 15.34988 1.9480369 3.1876998
 -0.12134953 0.99260986 -1.6359078e-07
 -0.99260986 -0.12134964 9.9626511e-09
 0 0 1
 0 4 7 5
 15.34988 1.9480369 9.5630989
 -0.12134953 0.99260986 -1.6359078e-07
 -0.99260986 -0.12134964 9.9626511e-09
 0 0 1
 0 4 7 6
 15.34988 1.9480369 15.938499
 -0.12134953 0.99260986 -1.6359078e-07
 -0.99260986 -0.12134964 9.9626511e-09
 0 0 1
 0 4 8 1
 15.7112 5.622643 -15.938501
 -0.33232591 0.94316465 -1.40824e-07
 -0.94316465 -0.33232576 2.4084137e-08
 0 0 1
 0 4 8 2
 15.7112 5.622643 -9.5631008
 -0.33232591 0.94316465 -1.40824e-07
 -0.94316465 -0.33232576 2.4084137e-08
 0 0 1
 0 4 8 3
 15.7112 5.622643 -3.1877007
 -0.33232591 0.94316465 -1.40824e-07
 -0.94316465 -0.33232576 2.4084137e-08
 0 0 1
 0 4 8 4
 15.7112 5.622643 3.1876993
 -0.33232591 0.94316465 -1.40824e-07
 -0.94316465 -0.33232576 2.4084137e-08
 0 0 1
 0 4 8 5
 15.7112 5.622643 9.5630989
 -0.33232591 0.94316465 -1.40824e-07
 -0.94316465 -0.33232576 2.4084137e-08
 0 0 1
 0 4 8 6
 15.7112 5.622643 15.938499
 -0.33232591 0.94316465 -1.40824e-07
 -0.94316465 -0.33232576 2.4084137e-08
 0 0 1
 0 4 9 1
 15.287202 9.313817 -15.938501
 -0.51473916 0.85734689 -1.173745e-07
 -0.85734683 -0.51473904 3.2528781e-08
 0 0 1
 0 4 9 2
 15.287202 9.313817 -9.5631008
 -0.51473916 0.85734689 -1.173745e-07
 -0.85734683 -0.51473904 3.2528781e-08
 0 0 1
 0 4 9 3
 15.287202 9.313817 -3.187701
 -0.51473916 0.85734689 -1.173745e-07
 -0.85734683 -0.51473904 3.2528781e-08
 0 0 1
 0 4 9 4
 15.287202 9.313817 3.1876991
 -0.51473916 0.85734689 -1.173745e-07
 -0.85734683 -0.51473904 3.2528781e-08
 0 0 1
 0 4 9 5
 15.287202 9.313817 9.5630989
 -0.51473916 0.85734689 -1.173745e-07
 -0.85734683 -0.51473904 3.2528781e-08
 0 0 1
 0 4 9 6
 15.287202 9.313817 15.938499
 -0.51473916 0.85734689 -1.173745e-07
 -0.85734683 -0.51473904 3.2528781e-08
 0 0 1
 0 4 10 1
 11.239524 10.634225 -15.938501
 -0.68225384 0.7311154 -9.1694396e-08
 -0.73111522 -0.68225396 3.6137891e-08
 0 0 1
 0 4 10 2
 11.239524 10.634225 -9.5631008
 -0.68225384 0.7311154 -9.1694396e-08
 -0.73111522 -0.68225396 3.6137891e-08
 0 0 1
 0 4 10 3
 11.239524 10.634225 -3.1877007
 -0.68225384 0.7311154 -9.1694396e-08
 -0.73111522 -0.68225396 3.6137891e-08
 0 0 1
 0 4 10 4
 11.239524 10.634225 3.1876993
 -0.68225384 0.7311154 -9.1694396e-08
 -0.73111522 -0.68225396 3.6137891e-08
 0 0 1
 0 4 10 5
 11.239524 10.634225 9.5630989
 -0.68225384 0.7311154 -9.1694396e-08
 -0.73111522 -0.68225396 3.6137891e-08
 0 0 1
 0 4 10 6
 11.239524 10.634225 15.938499
 -0.68225384 0.7311154 -9.1694396e-08
 -0.73111522 -0.68225396 3.6137891e-08
 0 0 1
 0 4 11 1
 9.3733263 13.805675 -15.938501
 -0.82373065 0.56698143 -6.4977051e-08
 -0.5669812 -0.82373065 3.4157125e-08
 0 0 1
 0 4 11 2
 9.3733263 13.805675 -9.5631008
 -0.82373065 0.56698143 -6.4977051e-08
 -0.5669812 -0.82373065 3.4157125e-08
 0 0 1
 0 4 11 3
 9.3733263 13.805675 -3.1877007
 -0.82373065 0.56698143 -6.4977051e-08
 -0.5669812 -0.82373065 3.4157125e-08
 0 0 1
 0 4 11 4
 9.3733263 13.805675 3.1876993
 -0.82373065 0.56698143 -6.4977051e-08
 -0.5669812 -0.82373065 3.4157125e-08
 0 0 1
 0 4 11 5
 9.3733263 13.805675 9.5630989
 -0.82373065 0.56698143 -6.4977051e-08
 -0.5669812 -0.82373065 3.4157125e-08
 0 0 1
 0 4 11 6
 9.3733263 13.805675 15.938499
 -0.82373065 0.56698143 -6.4977051e-08
 -0.5669812 -0.82373065 3.4157125e-08
 0 0 1
 0 4 12 1
 6.8094568 16.555273 -15.938501
 -0.92070949 0.39024886 -4.1048438e-08
 -0.39024872 -0.92070943 2.7184839e-08
 0 0 1
 0 4 12 2
 6.8094568 16.555273 -9.5631008
 -0.92070949 0.39024886 -4.1048438e-08
 -0.39024872 -0.92070943 2.7184839e-08
 0 0 1
 0 4 12 3
 6.8094568 16.555273 -3.1877007
 -0.92070949 0.39024886 -4.1048438e-08
 -0.39024872 -0.92070943 2.7184839e-08
 0 0 1
 0 4 12 4
 6.8094568 16.555273 3.1876993
 -0.92070949 0.39024886 -4.1048438e-08
 -0.39024872 -0.92070943 2.7184839e-08
 0 0 1
 0 4 12 5
 6.8094568 16.555273 9.5630989
 -0.92070949 0.39024886 -4.1048438e-08
 -0.39024872 -0.92070943 2.7184839e-08
 0 0 1
 0 4 12 6
 6.8094568 16.555273 15.938499
 -0.92070949 0.39024886 -4.1048438e-08
 -0.39024872 -0.92070943 2.7184839e-08
 0 0 1
 0 4 13 1
 -6.81072 16.554752 15.938498
 0.92070925 0.39024913 -1.1460762e-07
 0.39024913 -0.92070931 4.6374314e-08
 -8.7422777e-08 0 -1
 0 4 13 2
 -6.8107204 16.554752 9.563098
 0.92070925 0.39024913 -1.1460762e-07
 0.39024913 -0.92070931 4.6374314e-08
 -8.7422777e-08 0 -1
 0 4 13 3
 -6.8107214 16.554752 3.1876981
 0.92070925 0.39024913 -1.1460762e-07
 0.39024913 -0.92070931 4.6374314e-08
 -8.7422777e-08 0 -1
 0 4 13 4
 -6.8107219 16.554752 -3.1877019
 0.92070925 0.39024913 -1.1460762e-07
 0.39024913 -0.92070931 4.6374314e-08
 -8.7422777e-08 0 -1
 0 4 13 5
 -6.8107224 16.554752 -9.5631018
 0.92070925 0.39024913 -1.1460762e-07
 0.39024913 -0.92070931 4.6374314e-08
 -8.7422777e-08 0 -1
 0 4 13 6
 -6.8107228 16.554752 -15.938502
 0.92070925 0.39024913 -1.1460762e-07
 0.39024913 -0.92070931 4.6374314e-08
 -8.7422777e-08 0 -1
 0 4 14 1
 -9.361495 13.8137 15.938499
 0.82373041 0.56698155 -1.2157989e-07
 0.56698155 -0.82373047 2.2445709e-08
 -8.7422777e-08 0 -1
 0 4 14 2
 -9.361496 13.8137 9.5630989
 0.82373041 0.56698155 -1.2157989e-07
 0.56698155 -0.82373047 2.2445709e-08
 -8.7422777e-08 0 -1
 0 4 14 3
 -9.361496 13.8137 3.1876984
 0.82373041 0.56698155 -1.2157989e-07
 0.56698155 -0.82373047 2.2445709e-08
 -8.7422777e-08 0 -1
 0 4 14 4
 -9.3614969 13.8137 -3.1877017
 0.82373041 0.56698155 -1.2157989e-07
 0.56698155 -0.82373047 2.2445709e-08
 -8.7422777e-08 0 -1
 0 4 14 5
 -9.3614979 13.8137 -9.5631008
 0.82373041 0.56698155 -1.2157989e-07
 0.56698155 -0.82373047 2.2445709e-08
 -8.7422777e-08 0 -1
 0 4 14 6
 -9.3614979 13.8137 -15.938501
 0.82373041 0.56698155 -1.2157989e-07
 0.56698155 -0.82373047 2.2445709e-08
 -8.7422777e-08 0 -1
 0 4 15 1
 -11.238716 10.63508 15.938499
 0.6822536 0.73111552 -1.2356065e-07
 0.73111552 -0.68225372 -4.2716302e-09
 -8.7422777e-08 0 -1
 0 4 15 2
 -11.238716 10.63508 9.5630989
 0.6822536 0.73111552 -1.2356065e-07
 0.73111552 -0.68225372 -4.2716302e-09
 -8.7422777e-08 0 -1
 0 4 15 3
 -11.238717 10.63508 3.1876988
 0.6822536 0.73111552 -1.2356065e-07
 0.73111552 -0.68225372 -4.2716302e-09
 -8.7422777e-08 0 -1
 0 4 15 4
 -11.238718 10.63508 -3.1877012
 0.6822536 0.73111552 -1.2356065e-07
 0.73111552 -0.68225372 -4.2716302e-09
 -8.7422777e-08 0 -1
 0 4 15 5
 -11.238718 10.63508 -9.5631008
 0.6822536 0.73111552 -1.2356065e-07
 0.73111552 -0.68225372 -4.2716302e-09
 -8.7422777e-08 0 -1
 0 4 15 6
 -11.238719 10.63508 -15.938501
 0.6822536 0.73111552 -1.2356065e-07
 0.73111552 -0.68225372 -4.2716302e-09
 -8.7422777e-08 0 -1
 0 4 16 1
 -15.285476 9.3166494 15.9385
 0.51473868 0.85734707 -1.1995155e-07
 0.85734713 -0.51473886 -2.9951764e-08
 -8.7422777e-08 0 -1
 0 4 16 2
 -15.285476 9.3166494 9.5630999
 0.51473868 0.85734707 -1.1995155e-07
 0.85734713 -0.51473886 -2.9951764e-08
 -8.7422777e-08 0 -1
 0 4 16 3
 -15.285477 9.3166494 3.1876993
 0.51473868 0.85734707 -1.1995155e-07
 0.85734713 -0.51473886 -2.9951764e-08
 -8.7422777e-08 0 -1
 0 4 16 4
 -15.285477 9.3166494 -3.1877007
 0.51473868 0.85734707 -1.1995155e-07
 0.85734713 -0.51473886 -2.9951764e-08
 -8.7422777e-08 0 -1
 0 4 16 5
 -15.285479 9.3166494 -9.5630999
 0.51473868 0.85734707 -1.1995155e-07
 0.85734713 -0.51473886 -2.9951764e-08
 -8.7422777e-08 0 -1
 0 4 16 6
 -15.285479 9.3166494 -15.9385
 0.51473868 0.85734707 -1.1995155e-07
 0.85734713 -0.51473886 -2.9951764e-08
 -8.7422777e-08 0 -1
 0 4 17 1
 -15.69377 5.6711059 15.9385
 0.3323257 0.94316465 -1.1150691e-07
 0.94316465 -0.33232585 -5.3401223e-08
 -8.7422777e-08 0 -1
 0 4 17 2
 -15.693771 5.6711059 9.5630999
 0.3323257 0.94316465 -1.1150691e-07
 0.94316465 -0.33232585 -5.3401223e-08
 -8.7422777e-08 0 -1
 0 4 17 3
 -15.693771 5.6711059 3.1876998
 0.3323257 0.94316465 -1.1150691e-07
 0.94316465 -0.33232585 -5.3401223e-08
 -8.7422777e-08 0 -1
 0 4 17 4
 -15.693773 5.6711059 -3.1877003
 0.3323257 0.94316465 -1.1150691e-07
 0.94316465 -0.33232585 -5.3401223e-08
 -8.7422777e-08 0 -1
 0 4 17 5
 -15.693774 5.6711063 -9.5630999
 0.3323257 0.94316465 -1.1150691e-07
 0.94316465 -0.33232585 -5.3401223e-08
 -8.7422777e-08 0 -1
 0 4 17 6
 -15.693774 5.6711063 -15.9385
 0.3323257 0.94316465 -1.1150691e-07
 0.94316465 -0.33232585 -5.3401223e-08
 -8.7422777e-08 0 -1
 0 4 18 1
 -15.348079 1.96217 15.9385
 0.12134955 0.9926098 -9.7385431e-08
 0.9926098 -0.12134969 -7.6167971e-08
 -8.7422777e-08 0 -1
 0 4 18 2
 -15.34808 1.96217 9.5630999
 0.12134955 0.9926098 -9.7385431e-08
 0.9926098 -0.12134969 -7.6167971e-08
 -8.7422777e-08 0 -1
 0 4 18 3
 -15.34808 1.96217 3.1877
 0.12134955 0.9926098 -9.7385431e-08
 0.9926098 -0.12134969 -7.6167971e-08
 -8.7422777e-08 0 -1
 0 4 18 4
 -15.348081 1.96217 -3.1877
 0.12134955 0.9926098 -9.7385431e-08
 0.9926098 -0.12134969 -7.6167971e-08
 -8.7422777e-08 0 -1
 0 4 18 5
 -15.348081 1.96217 -9.5630999
 0.12134955 0.9926098 -9.7385431e-08
 0.9926098 -0.12134969 -7.6167971e-08
 -8.7422777e-08 0 -1
 0 4 18 6
 -15.348082 1.9621701 -15.9385
 0.12134955 0.9926098 -9.7385431e-08
 0.9926098 -0.12134969 -7.6167971e-08
 -8.7422777e-08 0 -1
 0 4 19 1
 -17.840511 -1.4703051 15.938501
 -0.088372804 0.99608749 -7.9354955e-08
 0.99608749 0.088372715 -9.4806531e-08
 -8.7422777e-08 0 -1
 0 4 19 2
 -17.840511 -1.4703051 9.5631008
 -0.088372804 0.99608749 -7.9354955e-08
 0.99608749 0.088372715 -9.4806531e-08
 -8.7422777e-08 0 -1
 0 4 19 3
 -17.840511 -1.4703051 3.1877005
 -0.088372804 0.99608749 -7.9354955e-08
 0.99608749 0.088372715 -9.4806531e-08
 -8.7422777e-08 0 -1
 0 4 19 4
 -17.840513 -1.4703051 -3.1876996
 -0.088372804 0.99608749 -7.9354955e-08
 0.99608749 0.088372715 -9.4806531e-08
 -8.7422777e-08 0 -1
 0 4 19 5
 -17.840513 -1.4703051 -9.5630989
 -0.088372804 0.99608749 -7.9354955e-08
 0.99608749 0.088372715 -9.4806531e-08
 -8.7422777e-08 0 -1
 0 4 19 6
 -17.840513 -1.4703051 -15.938499
 -0.088372804 0.99608749 -7.9354955e-08
 0.99608749 0.088372715 -9.4806531e-08
 -8.7422777e-08 0 -1
 0 4 20 1
 -16.01643 -4.6829367 15.938501
 -0.28635737 0.95812291 -5.8727615e-08
 0.95812291 0.28635728 -1.0879592e-07
 -8.7422777e-08 0 -1
 0 4 20 2
 -16.01643 -4.6829367 9.5631008
 -0.28635737 0.95812291 -5.8727615e-08
 0.95812291 0.28635728 -1.0879592e-07
 -8.7422777e-08 0 -1
 0 4 20 3
 -16.01643 -4.6829367 3.1877005
 -0.28635737 0.95812291 -5.8727615e-08
 0.95812291 0.28635728 -1.0879592e-07
 -8.7422777e-08 0 -1
 0 4 20 4
 -16.01643 -4.6829367 -3.1876996
 -0.28635737 0.95812291 -5.8727615e-08
 0.95812291 0.28635728 -1.0879592e-07
 -8.7422777e-08 0 -1
 0 4 20 5
 -16.016432 -4.6829367 -9.5630989
 -0.28635737 0.95812291 -5.8727615e-08
 0.95812291 0.28635728 -1.0879592e-07
 -8.7422777e-08 0 -1
 0 4 20 6
 -16.016432 -4.6829367 -15.938499
 -0.28635737 0.95812291 -5.8727615e-08
 0.95812291 0.28635728 -1.0879592e-07
 -8.7422777e-08 0 -1
 0 4 21 1
 -13.569154 -7.4358392 15.938501
 -0.48603049 0.8739419 -3.3912293e-08
 0.87394184 0.48603034 -1.1889255e-07
 -8.7422777e-08 0 -1
 0 4 21 2
 -13.569154 -7.4358392 9.5631008
 -0.48603049 0.8739419 -3.3912293e-08
 0.87394184 0.48603034 -1.1889255e-07
 -8.7422777e-08 0 -1
 0 4 21 3
 -13.569154 -7.4358392 3.1877007
 -0.48603049 0.8739419 -3.3912293e-08
 0.87394184 0.48603034 -1.1889255e-07
 -8.7422777e-08 0 -1
 0 4 21 4
 -13.569155 -7.4358392 -3.1876993
 -0.48603049 0.8739419 -3.3912293e-08
 0.87394184 0.48603034 -1.1889255e-07
 -8.7422777e-08 0 -1
 0 4 21 5
 -13.569155 -7.4358392 -9.5630989
 -0.48603049 0.8739419 -3.3912293e-08
 0.87394184 0.48603034 -1.1889255e-07
 -8.7422777e-08 0 -1
 0 4 21 6
 -13.569156 -7.4358392 -15.938499
 -0.48603049 0.8739419 -3.3912293e-08
 0.87394184 0.48603034 -1.1889255e-07
 -8.7422777e-08 0 -1
 0 4 22 1
 -13.554305 -11.693011 15.938501
