 SVX cage parameters:
   2.2000000
  0.50000000      0.20000000
   0.0000000
           6
  -40.000000      -26.500000      -26.500000       26.500000       26.500000       40.000000
   53.000000       53.000000       22.000000       22.000000       53.000000       53.000000
   0.0000000       0.0000000       0.0000000
 SVX barrel parameters:
4
2.63 5.13 11.765 16.687 1.214 
0 0 0 0 
4 4 5 6 
0.696 0.696 1.745 1.745 
0.01 0.01 0.03125 0.03125 
2.836 2.836 3.1877 3.1877 
0.019 0.019 0 0 
0.02 0.02 0 0 
26.7 13.6 17 12 
-13 -13.02 0 0 
2
5 5
   0.0000000       180.00000
2
10 10
   0.0000000       180.00000
2
8 8
   0.0000000       180.00000
2
12 12
   0.0000000       180.00000
 SVX barrel sensor rotation matrices and translation vectors
 0 1 1 1
 1.56658 -2.08165 8.62193
 0.64814 0.761522 0
 -0.761522 0.64814 0
 0 0 1
 0 1 1 2
 1.56658 -2.08165 2.92993
 0.64814 0.761522 0
 -0.761522 0.64814 0
 0 0 1
 0 1 1 3
 1.56658 -2.08165 -2.76207
 0.64814 0.761522 0
 -0.761522 0.64814 0
 0 0 1
 0 1 1 4
 1.56658 -2.08165 -8.45407
 0.64814 0.761522 0
 -0.761522 0.64814 0
 0 0 1
 0 1 2 1
 2.32754 -1.14089 8.62446
 0.236863 0.971543 0
 -0.971543 0.236863 0
 0 0 1
 0 1 2 2
 2.32754 -1.14089 2.93246
 0.236863 0.971543 0
 -0.971543 0.236863 0
 0 0 1
 0 1 2 3
 2.32754 -1.14089 -2.75954
 0.236863 0.971543 0
 -0.971543 0.236863 0
 0 0 1
 0 1 2 4
 2.32754 -1.14089 -8.45154
 0.236863 0.971543 0
 -0.971543 0.236863 0
 0 0 1
 0 1 3 1
 2.58372 0.0388267 8.6188
 -0.224926 0.974376 0
 -0.974376 -0.224926 0
 0 0 1
 0 1 3 2
 2.58372 0.0388267 2.9268
 -0.224926 0.974376 0
 -0.974376 -0.224926 0
 0 0 1
 0 1 3 3
 2.58372 0.0388267 -2.7652
 -0.224926 0.974376 0
 -0.974376 -0.224926 0
 0 0 1
 0 1 3 4
 2.58372 0.0388267 -8.4572
 -0.224926 0.974376 0
 -0.974376 -0.224926 0
 0 0 1
 0 1 4 1
 2.27959 1.21266 8.61822
 -0.638748 0.769416 0
 -0.769416 -0.638748 0
 0 0 1
 0 1 4 2
 2.27959 1.21266 2.92622
 -0.638748 0.769416 0
 -0.769416 -0.638748 0
 0 0 1
 0 1 4 3
 2.27959 1.21266 -2.76578
 -0.638748 0.769416 0
 -0.769416 -0.638748 0
 0 0 1
 0 1 4 4
 2.27959 1.21266 -8.45778
 -0.638748 0.769416 0
 -0.769416 -0.638748 0
 0 0 1
 0 1 5 1
 1.47894 2.12159 8.61278
 -0.916353 0.400372 0
 -0.400372 -0.916353 0
 0 0 1
 0 1 5 2
 1.47894 2.12159 2.92078
 -0.916353 0.400372 0
 -0.400372 -0.916353 0
 0 0 1
 0 1 5 3
 1.47894 2.12159 -2.77122
 -0.916353 0.400372 0
 -0.400372 -0.916353 0
 0 0 1
 0 1 5 4
 1.47894 2.12159 -8.46322
 -0.916353 0.400372 0
 -0.400372 -0.916353 0
 0 0 1
 0 1 6 1
 -1.60267 2.12607 -8.53815
 0.916352 0.400373 0
 0.400373 -0.916352 0
 0 0 -1
 0 1 6 2
 -1.60266 2.12607 -2.84615
 0.916352 0.400373 0
 0.400373 -0.916352 0
 0 0 -1
 0 1 6 3
 -1.60266 2.12607 2.84584
 0.916352 0.400373 0
 0.400373 -0.916352 0
 0 0 -1
 0 1 6 4
 -1.60266 2.12607 8.53785
 0.916352 0.400373 0
 0.400373 -0.916352 0
 0 0 -1
 0 1 7 1
 -2.40534 1.22639 -8.53814
 0.638748 0.769416 0
 0.769416 -0.638748 0
 0 0 -1
 0 1 7 2
 -2.40534 1.22639 -2.84614
 0.638748 0.769416 0
 0.769416 -0.638748 0
 0 0 -1
 0 1 7 3
 -2.40534 1.22639 2.84586
 0.638748 0.769416 0
 0.769416 -0.638748 0
 0 0 -1
 0 1 7 4
 -2.40534 1.22639 8.53786
 0.638748 0.769416 0
 0.769416 -0.638748 0
 0 0 -1
 0 1 8 1
 -2.71617 0.0577687 -8.55395
 0.224926 0.974376 0
 0.974376 -0.224926 0
 0 0 -1
 0 1 8 2
 -2.71617 0.0577687 -2.86194
 0.224926 0.974376 0
 0.974376 -0.224926 0
 0 0 -1
 0 1 8 3
 -2.71617 0.0577687 2.83005
 0.224926 0.974376 0
 0.974376 -0.224926 0
 0 0 -1
 0 1 8 4
 -2.71617 0.0577687 8.52205
 0.224926 0.974376 0
 0.974376 -0.224926 0
 0 0 -1
 0 1 9 1
 -2.46267 -1.12826 -8.53938
 -0.236863 0.971543 0
 0.971543 0.236863 0
 0 0 -1
 0 1 9 2
 -2.46267 -1.12826 -2.84738
 -0.236863 0.971543 0
 0.971543 0.236863 0
 0 0 -1
 0 1 9 3
 -2.46267 -1.12826 2.84462
 -0.236863 0.971543 0
 0.971543 0.236863 0
 0 0 -1
 0 1 9 4
 -2.46267 -1.12826 8.53662
 -0.236863 0.971543 0
 0.971543 0.236863 0
 0 0 -1
 0 1 10 1
 -1.70169 -2.07048 -8.54319
 -0.648139 0.761522 0
 0.761522 0.648139 0
 0 0 -1
 0 1 10 2
 -1.70169 -2.07048 -2.85119
 -0.648139 0.761522 0
 0.761522 0.648139 0
 0 0 -1
 0 1 10 3
 -1.70169 -2.07048 2.84081
 -0.648139 0.761522 0
 0.761522 0.648139 0
 0 0 -1
 0 1 10 4
 -1.70169 -2.07048 8.53281
 -0.648139 0.761522 0
 0.761522 0.648139 0
 0 0 -1
 0 2 1 1
 2.52351 -4.50861 8.60404
 0.745252 0.666783 0
 -0.666783 0.745252 0
 0 0 1
 0 2 1 2
 2.52351 -4.50861 2.91204
 0.745252 0.666783 0
 -0.666783 0.745252 0
 0 0 1
 0 2 1 3
 2.52351 -4.50861 -2.77996
 0.745252 0.666783 0
 -0.666783 0.745252 0
 0 0 1
 0 2 1 4
 2.52351 -4.50861 -8.47196
 0.745252 0.666783 0
 -0.666783 0.745252 0
 0 0 1
 0 2 2 1
 3.52299 -3.80057 8.63052
 0.567567 0.823327 0
 -0.823327 0.567567 0
 0 0 1
 0 2 2 2
 3.52299 -3.80057 2.93852
 0.567567 0.823327 0
 -0.823327 0.567567 0
 0 0 1
 0 2 2 3
 3.52299 -3.80057 -2.75348
 0.567567 0.823327 0
 -0.823327 0.567567 0
 0 0 1
 0 2 2 4
 3.52299 -3.80057 -8.44548
 0.567567 0.823327 0
 -0.823327 0.567567 0
 0 0 1
 0 2 3 1
 4.30399 -2.85585 8.61792
 0.358055 0.933701 0
 -0.933701 0.358055 0
 0 0 1
 0 2 3 2
 4.30399 -2.85585 2.92591
 0.358055 0.933701 0
 -0.933701 0.358055 0
 0 0 1
 0 2 3 3
 4.30399 -2.85585 -2.76609
 0.358055 0.933701 0
 -0.933701 0.358055 0
 0 0 1
 0 2 3 4
 4.30399 -2.85585 -8.45808
 0.358055 0.933701 0
 -0.933701 0.358055 0
 0 0 1
 0 2 4 1
 4.87307 -1.765 8.62138
 0.128462 0.991714 0
 -0.991714 0.128462 0
 0 0 1
 0 2 4 2
 4.87307 -1.765 2.92938
 0.128462 0.991714 0
 -0.991714 0.128462 0
 0 0 1
 0 2 4 3
 4.87307 -1.765 -2.76262
 0.128462 0.991714 0
 -0.991714 0.128462 0
 0 0 1
 0 2 4 4
 4.87307 -1.765 -8.45462
 0.128462 0.991714 0
 -0.991714 0.128462 0
 0 0 1
 0 2 5 1
 5.15988 -0.567988 8.61598
 -0.108333 0.994115 0
 -0.994115 -0.108333 0
 0 0 1
 0 2 5 2
 5.15988 -0.567988 2.92398
 -0.108333 0.994115 0
 -0.994115 -0.108333 0
 0 0 1
 0 2 5 3
 5.15988 -0.567988 -2.76802
 -0.108333 0.994115 0
 -0.994115 -0.108333 0
 0 0 1
 0 2 5 4
 5.15988 -0.567988 -8.46002
 -0.108333 0.994115 0
 -0.994115 -0.108333 0
 0 0 1
 0 2 6 1
 5.12649 0.659734 8.61304
 -0.339054 0.940767 0
 -0.940767 -0.339054 0
 0 0 1
 0 2 6 2
 5.12649 0.659734 2.92104
 -0.339054 0.940767 0
 -0.940767 -0.339054 0
 0 0 1
 0 2 6 3
 5.12649 0.659734 -2.77096
 -0.339054 0.940767 0
 -0.940767 -0.339054 0
 0 0 1
 0 2 6 4
 5.12649 0.659734 -8.46296
 -0.339054 0.940767 0
 -0.940767 -0.339054 0
 0 0 1
 0 2 7 1
 4.8252 1.8597 8.60967
 -0.550761 0.834663 0
 -0.834663 -0.550761 0
 0 0 1
 0 2 7 2
 4.8252 1.8597 2.91767
 -0.550761 0.834663 0
 -0.834663 -0.550761 0
 0 0 1
 0 2 7 3
 4.8252 1.8597 -2.77433
 -0.550761 0.834663 0
 -0.834663 -0.550761 0
 0 0 1
 0 2 7 4
 4.8252 1.8597 -8.46633
 -0.550761 0.834663 0
 -0.834663 -0.550761 0
 0 0 1
 0 2 8 1
 4.24636 2.94486 8.61147
 -0.731583 0.681753 0
 -0.681753 -0.731583 0
 0 0 1
 0 2 8 2
 4.24636 2.94486 2.91947
 -0.731583 0.681753 0
 -0.681753 -0.731583 0
 0 0 1
 0 2 8 3
 4.24636 2.94486 -2.77253
 -0.731583 0.681753 0
 -0.681753 -0.731583 0
 0 0 1
 0 2 8 4
 4.24636 2.94486 -8.46453
 -0.731583 0.681753 0
 -0.681753 -0.731583 0
 0 0 1
 0 2 9 1
 3.44166 3.87966 8.61073
 -0.871379 0.490611 0
 -0.490611 -0.871379 0
 0 0 1
 0 2 9 2
 3.44166 3.87966 2.91873
 -0.871379 0.490611 0
 -0.490611 -0.871379 0
 0 0 1
 0 2 9 3
 3.44166 3.87966 -2.77327
 -0.871379 0.490611 0
 -0.490611 -0.871379 0
 0 0 1
 0 2 9 4
 3.44166 3.87966 -8.46527
 -0.871379 0.490611 0
 -0.490611 -0.871379 0
 0 0 1
 0 2 10 1
 2.41254 4.55792 8.62672
 -0.962309 0.271957 0
 -0.271957 -0.962309 0
 0 0 1
 0 2 10 2
 2.41254 4.55792 2.93472
 -0.962309 0.271957 0
 -0.271957 -0.962309 0
 0 0 1
 0 2 10 3
 2.41254 4.55792 -2.75728
 -0.962309 0.271957 0
 -0.271957 -0.962309 0
 0 0 1
 0 2 10 4
 2.41254 4.55792 -8.44928
 -0.962309 0.271957 0
 -0.271957 -0.962309 0
 0 0 1
 0 2 11 1
 -2.51947 4.58572 -8.51455
 0.962309 0.271957 0
 0.271957 -0.962309 0
 0 0 -1
 0 2 11 2
 -2.51947 4.58572 -2.82255
 0.962309 0.271957 0
 0.271957 -0.962309 0
 0 0 -1
 0 2 11 3
 -2.51947 4.58572 2.86945
 0.962309 0.271957 0
 0.271957 -0.962309 0
 0 0 -1
 0 2 11 4
 -2.51947 4.58572 8.56145
 0.962309 0.271957 0
 0.271957 -0.962309 0
 0 0 -1
 0 2 12 1
 -3.53117 3.85881 -8.54083
 0.871379 0.490611 0
 0.490611 -0.871379 0
 0 0 -1
 0 2 12 2
 -3.53117 3.85881 -2.84883
 0.871379 0.490611 0
 0.490611 -0.871379 0
 0 0 -1
 0 2 12 3
 -3.53117 3.85881 2.84317
 0.871379 0.490611 0
 0.490611 -0.871379 0
 0 0 -1
 0 2 12 4
 -3.53117 3.85881 8.53517
 0.871379 0.490611 0
 0.490611 -0.871379 0
 0 0 -1
 0 2 13 1
 -4.36855 2.97477 -8.52412
 0.731583 0.681753 0
 0.681753 -0.731583 0
 0 0 -1
 0 2 13 2
 -4.36855 2.97477 -2.83213
 0.731583 0.681753 0
 0.681753 -0.731583 0
 0 0 -1
 0 2 13 3
 -4.36855 2.97477 2.85987
 0.731583 0.681753 0
 0.681753 -0.731583 0
 0 0 -1
 0 2 13 4
 -4.36855 2.97477 8.55188
 0.731583 0.681753 0
 0.681753 -0.731583 0
 0 0 -1
 0 2 14 1
 -4.92436 1.87732 -8.51738
 0.550761 0.834663 0
 0.834663 -0.550761 0
 0 0 -1
 0 2 14 2
 -4.92436 1.87732 -2.82538
 0.550761 0.834663 0
 0.834663 -0.550761 0
 0 0 -1
 0 2 14 3
 -4.92436 1.87732 2.86662
 0.550761 0.834663 0
 0.834663 -0.550761 0
 0 0 -1
 0 2 14 4
 -4.92436 1.87732 8.55862
 0.550761 0.834663 0
 0.834663 -0.550761 0
 0 0 -1
 0 2 15 1
 -5.24587 0.685881 -8.51868
 0.339054 0.940767 0
 0.940767 -0.339054 0
 0 0 -1
 0 2 15 2
 -5.24587 0.685881 -2.82668
 0.339054 0.940767 0
 0.940767 -0.339054 0
 0 0 -1
 0 2 15 3
 -5.24587 0.685881 2.86532
 0.339054 0.940767 0
 0.940767 -0.339054 0
 0 0 -1
 0 2 15 4
 -5.24587 0.685881 8.55732
 0.339054 0.940767 0
 0.940767 -0.339054 0
 0 0 -1
 0 2 16 1
 -5.25897 -0.550586 -8.51927
 0.108333 0.994115 0
 0.994115 -0.108333 0
 0 0 -1
 0 2 16 2
 -5.25897 -0.550586 -2.82728
 0.108333 0.994115 0
 0.994115 -0.108333 0
 0 0 -1
 0 2 16 3
 -5.25897 -0.550586 2.86472
 0.108333 0.994115 0
 0.994115 -0.108333 0
 0 0 -1
 0 2 16 4
 -5.25897 -0.550586 8.55673
 0.108333 0.994115 0
 0.994115 -0.108333 0
 0 0 -1
 0 2 17 1
 -4.99088 -1.75148 -8.51974
 -0.128462 0.991714 0
 0.991714 0.128462 0
 0 0 -1
 0 2 17 2
 -4.99088 -1.75148 -2.82774
 -0.128462 0.991714 0
 0.991714 0.128462 0
 0 0 -1
 0 2 17 3
 -4.99088 -1.75148 2.86426
 -0.128462 0.991714 0
 0.991714 0.128462 0
 0 0 -1
 0 2 17 4
 -4.99088 -1.75148 8.55626
 -0.128462 0.991714 0
 0.991714 0.128462 0
 0 0 -1
 0 2 18 1
 -4.44383 -2.85792 -8.52579
 -0.358054 0.933701 0
 0.933701 0.358054 0
 0 0 -1
 0 2 18 2
 -4.44383 -2.85792 -2.83379
 -0.358054 0.933701 0
 0.933701 0.358054 0
 0 0 -1
 0 2 18 3
 -4.44383 -2.85792 2.85821
 -0.358054 0.933701 0
 0.933701 0.358054 0
 0 0 -1
 0 2 18 4
 -4.44383 -2.85792 8.55021
 -0.358054 0.933701 0
 0.933701 0.358054 0
 0 0 -1
 0 2 19 1
 -3.59686 -3.75788 -8.5242
 -0.567567 0.823327 0
 0.823327 0.567567 0
 0 0 -1
 0 2 19 2
 -3.59686 -3.75788 -2.8322
 -0.567567 0.823327 0
 0.823327 0.567567 0
 0 0 -1
 0 2 19 3
 -3.59686 -3.75788 2.8598
 -0.567567 0.823327 0
 0.823327 0.567567 0
 0 0 -1
 0 2 19 4
 -3.59686 -3.75788 8.5518
 -0.567567 0.823327 0
 0.823327 0.567567 0
 0 0 -1
 0 2 20 1
 -2.61711 -4.47705 -8.53103
 -0.745252 0.666783 0
 0.666783 0.745252 0
 0 0 -1
 0 2 20 2
 -2.61711 -4.47705 -2.83903
 -0.745252 0.666783 0
 0.666783 0.745252 0
 0 0 -1
 0 2 20 3
 -2.61711 -4.47705 2.85297
 -0.745252 0.666783 0
 0.666783 0.745252 0
 0 0 -1
 0 2 20 4
 -2.61711 -4.47705 8.54497
 -0.745252 0.666783 0
 0.666783 0.745252 0
 0 0 -1
 0 3 1 1
 5.71067 -10.2869 12.6768
 -0.878066 -0.478538 1.18598e-07
 -0.478539 0.878067 -3.49278e-08
 -8.74228e-08 0 -1
 0 3 1 2
 5.71067 -10.2869 6.3014
 -0.878066 -0.478538 1.18598e-07
 -0.478539 0.878067 -3.49278e-08
 -8.74228e-08 0 -1
 0 3 1 3
 5.71067 -10.2869 -0.0739996
 -0.878066 -0.478538 1.18598e-07
 -0.478539 0.878067 -3.49278e-08
 -8.74228e-08 0 -1
 0 3 1 4
 5.71067 -10.2869 -6.4494
 -0.878066 -0.478538 1.18598e-07
 -0.478539 0.878067 -3.49278e-08
 -8.74228e-08 0 -1
 0 3 1 5
 5.71067 -10.2869 -12.8248
 -0.878066 -0.478538 1.18598e-07
 -0.478539 0.878067 -3.49278e-08
 -8.74228e-08 0 -1
 0 3 2 1
 7.60171 -7.05678 12.7904
 -0.686707 -0.726934 1.23584e-07
 -0.726934 0.686707 3.51679e-09
 -8.74228e-08 0 -1
 0 3 2 2
 7.60171 -7.05678 6.41497
 -0.686707 -0.726934 1.23584e-07
 -0.726934 0.686707 3.51679e-09
 -8.74228e-08 0 -1
 0 3 2 3
 7.60171 -7.05678 0.0395662
 -0.686707 -0.726934 1.23584e-07
 -0.726934 0.686707 3.51679e-09
 -8.74228e-08 0 -1
 0 3 2 4
 7.60171 -7.05678 -6.33583
 -0.686707 -0.726934 1.23584e-07
 -0.726934 0.686707 3.51679e-09
 -8.74228e-08 0 -1
 0 3 2 5
 7.60171 -7.05678 -12.7112
 -0.686707 -0.726934 1.23584e-07
 -0.726934 0.686707 3.51679e-09
 -8.74228e-08 0 -1
 0 3 3 1
 11.4874 -5.52149 12.8084
 -0.441662 -0.897181 1.17045e-07
 -0.897181 0.441662 3.98227e-08
 -8.74228e-08 0 -1
 0 3 3 2
 11.4874 -5.52149 6.43298
 -0.441662 -0.897181 1.17045e-07
 -0.897181 0.441662 3.98227e-08
 -8.74228e-08 0 -1
 0 3 3 3
 11.4874 -5.52149 0.0575763
 -0.441662 -0.897181 1.17045e-07
 -0.897181 0.441662 3.98227e-08
 -8.74228e-08 0 -1
 0 3 3 4
 11.4874 -5.52149 -6.31782
 -0.441662 -0.897181 1.17045e-07
 -0.897181 0.441662 3.98227e-08
 -8.74228e-08 0 -1
 0 3 3 5
 11.4874 -5.52149 -12.6932
 -0.441662 -0.897181 1.17045e-07
 -0.897181 0.441662 3.98227e-08
 -8.74228e-08 0 -1
 0 3 4 1
 11.6212 -1.9799 12.8041
 -0.176226 -0.98435 1.01461e-07
 -0.98435 0.176226 7.06485e-08
 -8.74228e-08 0 -1
 0 3 4 2
 11.6212 -1.9799 6.42874
 -0.176226 -0.98435 1.01461e-07
 -0.98435 0.176226 7.06485e-08
 -8.74228e-08 0 -1
 0 3 4 3
 11.6212 -1.9799 0.0533421
 -0.176226 -0.98435 1.01461e-07
 -0.98435 0.176226 7.06485e-08
 -8.74228e-08 0 -1
 0 3 4 4
 11.6212 -1.9799 -6.32206
 -0.176226 -0.98435 1.01461e-07
 -0.98435 0.176226 7.06485e-08
 -8.74228e-08 0 -1
 0 3 4 5
 11.6212 -1.9799 -12.6975
 -0.176226 -0.98435 1.01461e-07
 -0.98435 0.176226 7.06485e-08
 -8.74228e-08 0 -1
 0 3 5 1
 10.143 1.49348 12.8004
 0.137272 -0.990533 7.45945e-08
 -0.990533 -0.137272 9.85959e-08
 -8.74228e-08 0 -1
 0 3 5 2
 10.143 1.49348 6.42501
 0.137272 -0.990533 7.45945e-08
 -0.990533 -0.137272 9.85959e-08
 -8.74228e-08 0 -1
 0 3 5 3
 10.143 1.49348 0.0496113
 0.137272 -0.990533 7.45945e-08
 -0.990533 -0.137272 9.85959e-08
 -8.74228e-08 0 -1
 0 3 5 4
 10.143 1.49348 -6.32579
 0.137272 -0.990533 7.45945e-08
 -0.990533 -0.137272 9.85959e-08
 -8.74228e-08 0 -1
 0 3 5 5
 10.143 1.49348 -12.7012
 0.137272 -0.990533 7.45945e-08
 -0.990533 -0.137272 9.85959e-08
 -8.74228e-08 0 -1
 0 3 6 1
 11.5352 5.52477 12.8105
 0.423409 -0.905939 4.21841e-08
 -0.905939 -0.423409 1.16215e-07
 -8.74228e-08 0 -1
 0 3 6 2
 11.5352 5.52477 6.43512
 0.423409 -0.905939 4.21841e-08
 -0.905939 -0.423409 1.16215e-07
 -8.74228e-08 0 -1
 0 3 6 3
 11.5352 5.52477 0.0597183
 0.423409 -0.905939 4.21841e-08
 -0.905939 -0.423409 1.16215e-07
 -8.74228e-08 0 -1
 0 3 6 4
 11.5352 5.52477 -6.31568
 0.423409 -0.905939 4.21841e-08
 -0.905939 -0.423409 1.16215e-07
 -8.74228e-08 0 -1
 0 3 6 5
 11.5352 5.52477 -12.6911
 0.423409 -0.905939 4.21841e-08
 -0.905939 -0.423409 1.16215e-07
 -8.74228e-08 0 -1
 0 3 7 1
 8.75124 7.79374 12.8133
 0.657507 -0.753449 8.3875e-09
 -0.753449 -0.657507 1.2335e-07
 -8.74228e-08 0 -1
 0 3 7 2
 8.75124 7.79374 6.43789
 0.657507 -0.753449 8.3875e-09
 -0.753449 -0.657507 1.2335e-07
 -8.74228e-08 0 -1
 0 3 7 3
 8.75124 7.79374 0.0624937
 0.657507 -0.753449 8.3875e-09
 -0.753449 -0.657507 1.2335e-07
 -8.74228e-08 0 -1
 0 3 7 4
 8.75124 7.79374 -6.31291
 0.657507 -0.753449 8.3875e-09
 -0.753449 -0.657507 1.2335e-07
 -8.74228e-08 0 -1
 0 3 7 5
 8.75124 7.79374 -12.6883
 0.657507 -0.753449 8.3875e-09
 -0.753449 -0.657507 1.2335e-07
 -8.74228e-08 0 -1
 0 3 8 1
 5.15876 8.86144 12.8096
 0.858513 -0.512792 -3.02238e-08
 -0.512792 -0.858513 1.19883e-07
 -8.74228e-08 0 -1
 0 3 8 2
 5.15876 8.86144 6.43416
 0.858513 -0.512792 -3.02238e-08
 -0.512792 -0.858513 1.19883e-07
 -8.74228e-08 0 -1
 0 3 8 3
 5.15876 8.86144 0.0587631
 0.858513 -0.512792 -3.02238e-08
 -0.512792 -0.858513 1.19883e-07
 -8.74228e-08 0 -1
 0 3 8 4
 5.15876 8.86144 -6.31664
 0.858513 -0.512792 -3.02238e-08
 -0.512792 -0.858513 1.19883e-07
 -8.74228e-08 0 -1
 0 3 8 5
 5.15876 8.86144 -12.692
 0.858513 -0.512792 -3.02238e-08
 -0.512792 -0.858513 1.19883e-07
 -8.74228e-08 0 -1
 0 3 9 1
 -5.24716 8.90013 -12.6683
 -0.858513 -0.512792 3.24605e-08
 0.512793 -0.858513 -5.7199e-08
 0 0 1
 0 3 9 2
 -5.24716 8.90013 -6.29286
 -0.858513 -0.512792 3.24605e-08
 0.512793 -0.858513 -5.7199e-08
 0 0 1
 0 3 9 3
 -5.24716 8.90013 0.0825403
 -0.858513 -0.512792 3.24605e-08
 0.512793 -0.858513 -5.7199e-08
 0 0 1
 0 3 9 4
 -5.24716 8.90013 6.45794
 -0.858513 -0.512792 3.24605e-08
 0.512793 -0.858513 -5.7199e-08
 0 0 1
 0 3 9 5
 -5.24716 8.90013 12.8333
 -0.858513 -0.512792 3.24605e-08
 0.512793 -0.858513 -5.7199e-08
 0 0 1
 0 3 10 1
 -8.84048 7.82475 -12.6649
 -0.657507 -0.753449 3.59269e-08
 0.753449 -0.657507 -9.58103e-08
 0 0 1
 0 3 10 2
 -8.84048 7.82475 -6.28949
 -0.657507 -0.753449 3.59269e-08
 0.753449 -0.657507 -9.58103e-08
 0 0 1
 0 3 10 3
 -8.84048 7.82475 0.0859088
 -0.657507 -0.753449 3.59269e-08
 0.753449 -0.657507 -9.58103e-08
 0 0 1
 0 3 10 4
 -8.84048 7.82475 6.46131
 -0.657507 -0.753449 3.59269e-08
 0.753449 -0.657507 -9.58103e-08
 0 0 1
 0 3 10 5
 -8.84048 7.82475 12.8367
 -0.657507 -0.753449 3.59269e-08
 0.753449 -0.657507 -9.58103e-08
 0 0 1
 0 3 11 1
 -11.6149 5.54293 -12.6604
 -0.423409 -0.905939 2.87925e-08
 0.905939 -0.423409 -1.29607e-07
 0 0 1
 0 3 11 2
 -11.6149 5.54293 -6.28497
 -0.423409 -0.905939 2.87925e-08
 0.905939 -0.423409 -1.29607e-07
 0 0 1
 0 3 11 3
 -11.6149 5.54293 0.09043
 -0.423409 -0.905939 2.87925e-08
 0.905939 -0.423409 -1.29607e-07
 0 0 1
 0 3 11 4
 -11.6149 5.54293 6.46583
 -0.423409 -0.905939 2.87925e-08
 0.905939 -0.423409 -1.29607e-07
 0 0 1
 0 3 11 5
 -11.6149 5.54293 12.8412
 -0.423409 -0.905939 2.87925e-08
 0.905939 -0.423409 -1.29607e-07
 0 0 1
 0 3 12 1
 -10.249 1.50707 -12.6645
 -0.137272 -0.990533 1.11731e-08
 0.990533 -0.137272 -1.62017e-07
 0 0 1
 0 3 12 2
 -10.249 1.50707 -6.28914
 -0.137272 -0.990533 1.11731e-08
 0.990533 -0.137272 -1.62017e-07
 0 0 1
 0 3 12 3
 -10.249 1.50707 0.086261
 -0.137272 -0.990533 1.11731e-08
 0.990533 -0.137272 -1.62017e-07
 0 0 1
 0 3 12 4
 -10.249 1.50707 6.46166
 -0.137272 -0.990533 1.11731e-08
 0.990533 -0.137272 -1.62017e-07
 0 0 1
 0 3 12 5
 -10.249 1.50707 12.8371
 -0.137272 -0.990533 1.11731e-08
 0.990533 -0.137272 -1.62017e-07
 0 0 1
 0 3 13 1
 -11.6302 -1.96997 -12.6727
 0.176226 -0.98435 -1.67743e-08
 0.98435 0.176226 -1.88884e-07
 0 0 1
 0 3 13 2
 -11.6302 -1.96997 -6.2973
 0.176226 -0.98435 -1.67743e-08
 0.98435 0.176226 -1.88884e-07
 0 0 1
 0 3 13 3
 -11.6302 -1.96997 0.0781002
 0.176226 -0.98435 -1.67743e-08
 0.98435 0.176226 -1.88884e-07
 0 0 1
 0 3 13 4
 -11.6302 -1.96997 6.4535
 0.176226 -0.98435 -1.67743e-08
 0.98435 0.176226 -1.88884e-07
 0 0 1
 0 3 13 5
 -11.6302 -1.96997 12.8289
 0.176226 -0.98435 -1.67743e-08
 0.98435 0.176226 -1.88884e-07
 0 0 1
 0 3 14 1
 -11.5902 -5.56116 -12.6782
 0.441663 -0.897181 -4.76001e-08
 0.897181 0.441662 -2.04468e-07
 0 0 1
 0 3 14 2
 -11.5902 -5.56116 -6.30284
 0.441663 -0.897181 -4.76001e-08
 0.897181 0.441662 -2.04468e-07
 0 0 1
 0 3 14 3
 -11.5902 -5.56116 0.0725571
 0.441663 -0.897181 -4.76001e-08
 0.897181 0.441662 -2.04468e-07
 0 0 1
 0 3 14 4
 -11.5902 -5.56116 6.44796
 0.441663 -0.897181 -4.76001e-08
 0.897181 0.441662 -2.04468e-07
 0 0 1
 0 3 14 5
 -11.5902 -5.56116 12.8234
 0.441663 -0.897181 -4.76001e-08
 0.897181 0.441662 -2.04468e-07
 0 0 1
 0 3 15 1
 -7.61118 -7.02789 -12.6928
 0.686707 -0.726934 -8.3906e-08
 0.726934 0.686707 -2.11007e-07
 0 0 1
 0 3 15 2
 -7.61118 -7.02789 -6.31738
 0.686707 -0.726934 -8.3906e-08
 0.726934 0.686707 -2.11007e-07
 0 0 1
 0 3 15 3
 -7.61118 -7.02789 0.0580209
 0.686707 -0.726934 -8.3906e-08
 0.726934 0.686707 -2.11007e-07
 0 0 1
 0 3 15 4
 -7.61118 -7.02789 6.43342
 0.686707 -0.726934 -8.3906e-08
 0.726934 0.686707 -2.11007e-07
 0 0 1
 0 3 15 5
 -7.61118 -7.02789 12.8088
 0.686707 -0.726934 -8.3906e-08
 0.726934 0.686707 -2.11007e-07
 0 0 1
 0 3 16 1
 -5.86327 -10.1976 -12.6912
 0.878067 -0.478539 -1.22351e-07
 0.478538 0.878067 -2.06021e-07
 0 0 1
 0 3 16 2
 -5.86327 -10.1976 -6.31578
 0.878067 -0.478539 -1.22351e-07
 0.478538 0.878067 -2.06021e-07
 0 0 1
 0 3 16 3
 -5.86327 -10.1976 0.0596166
 0.878067 -0.478539 -1.22351e-07
 0.478538 0.878067 -2.06021e-07
 0 0 1
 0 3 16 4
 -5.86327 -10.1976 6.43502
 0.878067 -0.478539 -1.22351e-07
 0.478538 0.878067 -2.06021e-07
 0 0 1
 0 3 16 5
 -5.86327 -10.1976 12.8104
 0.878067 -0.478539 -1.22351e-07
 0.478538 0.878067 -2.06021e-07
 0 0 1
 0 4 1 1
 6.65711 -13.9684 -16.0125
 0.907264 0.420561 -2.03505e-07
 -0.420561 0.907264 -1.29972e-07
 0 0 1
 0 4 1 2
 6.65711 -13.9684 -9.6371
 0.907264 0.420561 -2.03505e-07
 -0.420561 0.907264 -1.29972e-07
 0 0 1
 0 4 1 3
 6.65711 -13.9684 -3.2617
 0.907264 0.420561 -2.03505e-07
 -0.420561 0.907264 -1.29972e-07
 0 0 1
 0 4 1 4
 6.65711 -13.9684 3.1137
 0.907264 0.420561 -2.03505e-07
 -0.420561 0.907264 -1.29972e-07
 0 0 1
 0 4 1 5
 6.65711 -13.9684 9.4891
 0.907264 0.420561 -2.03505e-07
 -0.420561 0.907264 -1.29972e-07
 0 0 1
 0 4 1 6
 6.65711 -13.9684 15.8645
 0.907264 0.420561 -2.03505e-07
 -0.420561 0.907264 -1.29972e-07
 0 0 1
 0 4 2 1
 10.2586 -13.1618 -15.9084
 0.795368 0.606127 -2.09945e-07
 -0.606127 0.795368 -1.03967e-07
 0 0 1
 0 4 2 2
 10.2586 -13.1618 -9.53297
 0.795368 0.606127 -2.09945e-07
 -0.606127 0.795368 -1.03967e-07
 0 0 1
 0 4 2 3
 10.2586 -13.1618 -3.15757
 0.795368 0.606127 -2.09945e-07
 -0.606127 0.795368 -1.03967e-07
 0 0 1
 0 4 2 4
 10.2586 -13.1618 3.21783
 0.795368 0.606127 -2.09945e-07
 -0.606127 0.795368 -1.03967e-07
 0 0 1
 0 4 2 5
 10.2586 -13.1618 9.59323
 0.795368 0.606127 -2.09945e-07
 -0.606127 0.795368 -1.03967e-07
 0 0 1
 0 4 2 6
 10.2586 -13.1618 15.9686
 0.795368 0.606127 -2.09945e-07
 -0.606127 0.795368 -1.03967e-07
 0 0 1
 0 4 3 1
 13.6048 -11.6356 -15.9073
 0.657638 0.753334 -2.10774e-07
 -0.753334 0.657638 -7.90568e-08
 0 0 1
 0 4 3 2
 13.6048 -11.6356 -9.53188
 0.657638 0.753334 -2.10774e-07
 -0.753334 0.657638 -7.90568e-08
 0 0 1
 0 4 3 3
 13.6048 -11.6356 -3.15648
 0.657638 0.753334 -2.10774e-07
 -0.753334 0.657638 -7.90568e-08
 0 0 1
 0 4 3 4
 13.6048 -11.6356 3.21892
 0.657638 0.753334 -2.10774e-07
 -0.753334 0.657638 -7.90568e-08
 0 0 1
 0 4 3 5
 13.6048 -11.6356 9.59432
 0.657638 0.753334 -2.10774e-07
 -0.753334 0.657638 -7.90568e-08
 0 0 1
 0 4 3 6
 13.6048 -11.6356 15.9697
 0.657638 0.753334 -2.10774e-07
 -0.753334 0.657638 -7.90568e-08
 0 0 1
 0 4 4 1
 13.538 -7.36009 -15.8981
 0.48603 0.873942 -2.06315e-07
 -0.873942 0.48603 -5.35104e-08
 0 0 1
 0 4 4 2
 13.538 -7.36009 -9.52273
 0.48603 0.873942 -2.06315e-07
 -0.873942 0.48603 -5.35104e-08
 0 0 1
 0 4 4 3
 13.538 -7.36009 -3.14733
 0.48603 0.873942 -2.06315e-07
 -0.873942 0.48603 -5.35104e-08
 0 0 1
 0 4 4 4
 13.538 -7.36009 3.22807
 0.48603 0.873942 -2.06315e-07
 -0.873942 0.48603 -5.35104e-08
 0 0 1
 0 4 4 5
 13.538 -7.36009 9.60347
 0.48603 0.873942 -2.06315e-07
 -0.873942 0.48603 -5.35104e-08
 0 0 1
 0 4 4 6
 13.538 -7.36009 15.9789
 0.48603 0.873942 -2.06315e-07
 -0.873942 0.48603 -5.35104e-08
 0 0 1
 0 4 5 1
 16.16 -4.66936 -15.8996
 0.286357 0.958123 -1.96219e-07
 -0.958123 0.286357 -2.86951e-08
 0 0 1
 0 4 5 2
 16.16 -4.66936 -9.52416
 0.286357 0.958123 -1.96219e-07
 -0.958123 0.286357 -2.86951e-08
 0 0 1
 0 4 5 3
 16.16 -4.66936 -3.14876
 0.286357 0.958123 -1.96219e-07
 -0.958123 0.286357 -2.86951e-08
 0 0 1
 0 4 5 4
 16.16 -4.66936 3.22664
 0.286357 0.958123 -1.96219e-07
 -0.958123 0.286357 -2.86951e-08
 0 0 1
 0 4 5 5
 16.16 -4.66936 9.60204
 0.286357 0.958123 -1.96219e-07
 -0.958123 0.286357 -2.86951e-08
 0 0 1
 0 4 5 6
 16.16 -4.66936 15.9774
 0.286357 0.958123 -1.96219e-07
 -0.958123 0.286357 -2.86951e-08
 0 0 1
 0 4 6 1
 17.8676 -1.43749 -15.895
 0.0883726 0.996087 -1.82229e-07
 -0.996087 0.0883729 -8.06785e-09
 0 0 1
 0 4 6 2
 17.8676 -1.43749 -9.51962
 0.0883726 0.996087 -1.82229e-07
 -0.996087 0.0883729 -8.06785e-09
 0 0 1
 0 4 6 3
 17.8676 -1.43749 -3.14422
 0.0883726 0.996087 -1.82229e-07
 -0.996087 0.0883729 -8.06785e-09
 0 0 1
 0 4 6 4
 17.8676 -1.43749 3.23118
 0.0883726 0.996087 -1.82229e-07
 -0.996087 0.0883729 -8.06785e-09
 0 0 1
 0 4 6 5
 17.8676 -1.43749 9.60658
 0.0883726 0.996087 -1.82229e-07
 -0.996087 0.0883729 -8.06785e-09
 0 0 1
 0 4 6 6
 17.8676 -1.43749 15.982
 0.0883726 0.996087 -1.82229e-07
 -0.996087 0.0883729 -8.06785e-09
 0 0 1
 0 4 7 1
 15.2403 1.99262 -15.8917
 -0.12135 0.99261 -1.63591e-07
 -0.99261 -0.12135 9.96265e-09
 0 0 1
 0 4 7 2
 15.2403 1.99262 -9.51627
 -0.12135 0.99261 -1.63591e-07
 -0.99261 -0.12135 9.96265e-09
 0 0 1
 0 4 7 3
 15.2403 1.99262 -3.14086
 -0.12135 0.99261 -1.63591e-07
 -0.99261 -0.12135 9.96265e-09
 0 0 1
 0 4 7 4
 15.2403 1.99262 3.23454
 -0.12135 0.99261 -1.63591e-07
 -0.99261 -0.12135 9.96265e-09
 0 0 1
 0 4 7 5
 15.2403 1.99262 9.60993
 -0.12135 0.99261 -1.63591e-07
 -0.99261 -0.12135 9.96265e-09
 0 0 1
 0 4 7 6
 15.2403 1.99262 15.9853
 -0.12135 0.99261 -1.63591e-07
 -0.99261 -0.12135 9.96265e-09
 0 0 1
 0 4 8 1
 15.6008 5.6606 -15.8913
 -0.332326 0.943165 -1.40824e-07
 -0.943165 -0.332326 2.40841e-08
 0 0 1
 0 4 8 2
 15.6008 5.6606 -9.51588
 -0.332326 0.943165 -1.40824e-07
 -0.943165 -0.332326 2.40841e-08
 0 0 1
 0 4 8 3
 15.6008 5.6606 -3.14048
 -0.332326 0.943165 -1.40824e-07
 -0.943165 -0.332326 2.40841e-08
 0 0 1
 0 4 8 4
 15.6008 5.6606 3.23493
 -0.332326 0.943165 -1.40824e-07
 -0.943165 -0.332326 2.40841e-08
 0 0 1
 0 4 8 5
 15.6008 5.6606 9.61032
 -0.332326 0.943165 -1.40824e-07
 -0.943165 -0.332326 2.40841e-08
 0 0 1
 0 4 8 6
 15.6008 5.6606 15.9857
 -0.332326 0.943165 -1.40824e-07
 -0.943165 -0.332326 2.40841e-08
 0 0 1
 0 4 9 1
 15.1839 9.32053 -15.8877
 -0.514739 0.857347 -1.17374e-07
 -0.857347 -0.514739 3.25288e-08
 0 0 1
 0 4 9 2
 15.1839 9.32053 -9.51228
 -0.514739 0.857347 -1.17374e-07
 -0.857347 -0.514739 3.25288e-08
 0 0 1
 0 4 9 3
 15.1839 9.32053 -3.13688
 -0.514739 0.857347 -1.17374e-07
 -0.857347 -0.514739 3.25288e-08
 0 0 1
 0 4 9 4
 15.1839 9.32053 3.23852
 -0.514739 0.857347 -1.17374e-07
 -0.857347 -0.514739 3.25288e-08
 0 0 1
 0 4 9 5
 15.1839 9.32053 9.61392
 -0.514739 0.857347 -1.17374e-07
 -0.857347 -0.514739 3.25288e-08
 0 0 1
 0 4 9 6
 15.1839 9.32053 15.9893
 -0.514739 0.857347 -1.17374e-07
 -0.857347 -0.514739 3.25288e-08
 0 0 1
 0 4 10 1
 11.1928 10.6383 -15.8946
 -0.682254 0.731115 -9.16944e-08
 -0.731115 -0.682254 3.61379e-08
 0 0 1
 0 4 10 2
 11.1928 10.6383 -9.51923
 -0.682254 0.731115 -9.16944e-08
 -0.731115 -0.682254 3.61379e-08
 0 0 1
 0 4 10 3
 11.1928 10.6383 -3.14383
 -0.682254 0.731115 -9.16944e-08
 -0.731115 -0.682254 3.61379e-08
 0 0 1
 0 4 10 4
 11.1928 10.6383 3.23157
 -0.682254 0.731115 -9.16944e-08
 -0.731115 -0.682254 3.61379e-08
 0 0 1
 0 4 10 5
 11.1928 10.6383 9.60697
 -0.682254 0.731115 -9.16944e-08
 -0.731115 -0.682254 3.61379e-08
 0 0 1
 0 4 10 6
 11.1928 10.6383 15.9824
 -0.682254 0.731115 -9.16944e-08
 -0.731115 -0.682254 3.61379e-08
 0 0 1
 0 4 11 1
 9.30678 13.851 -15.9841
 -0.823731 0.566981 -6.49771e-08
 -0.566981 -0.823731 3.41571e-08
 0 0 1
 0 4 11 2
 9.30678 13.851 -9.6087
 -0.823731 0.566981 -6.49771e-08
 -0.566981 -0.823731 3.41571e-08
 0 0 1
 0 4 11 3
 9.30678 13.851 -3.2333
 -0.823731 0.566981 -6.49771e-08
 -0.566981 -0.823731 3.41571e-08
 0 0 1
 0 4 11 4
 9.30678 13.851 3.1421
 -0.823731 0.566981 -6.49771e-08
 -0.566981 -0.823731 3.41571e-08
 0 0 1
 0 4 11 5
 9.30678 13.851 9.5175
 -0.823731 0.566981 -6.49771e-08
 -0.566981 -0.823731 3.41571e-08
 0 0 1
 0 4 11 6
 9.30678 13.851 15.8929
 -0.823731 0.566981 -6.49771e-08
 -0.566981 -0.823731 3.41571e-08
 0 0 1
 0 4 12 1
 6.81273 16.554 -15.8773
 -0.920709 0.390249 -4.10484e-08
 -0.390249 -0.920709 2.71848e-08
 0 0 1
 0 4 12 2
 6.81273 16.554 -9.50186
 -0.920709 0.390249 -4.10484e-08
 -0.390249 -0.920709 2.71848e-08
 0 0 1
 0 4 12 3
 6.81273 16.554 -3.12646
 -0.920709 0.390249 -4.10484e-08
 -0.390249 -0.920709 2.71848e-08
 0 0 1
 0 4 12 4
 6.81273 16.554 3.24894
 -0.920709 0.390249 -4.10484e-08
 -0.390249 -0.920709 2.71848e-08
 0 0 1
 0 4 12 5
 6.81273 16.554 9.62434
 -0.920709 0.390249 -4.10484e-08
 -0.390249 -0.920709 2.71848e-08
 0 0 1
 0 4 12 6
 6.81273 16.554 15.9997
 -0.920709 0.390249 -4.10484e-08
 -0.390249 -0.920709 2.71848e-08
 0 0 1
 0 4 13 1
 -6.86551 16.5317 16.0568
 0.920709 0.390249 -1.14608e-07
 0.390249 -0.920709 4.63743e-08
 -8.74228e-08 0 -1
 0 4 13 2
 -6.86551 16.5317 9.68136
 0.920709 0.390249 -1.14608e-07
 0.390249 -0.920709 4.63743e-08
 -8.74228e-08 0 -1
 0 4 13 3
 -6.86551 16.5317 3.30596
 0.920709 0.390249 -1.14608e-07
 0.390249 -0.920709 4.63743e-08
 -8.74228e-08 0 -1
 0 4 13 4
 -6.86551 16.5317 -3.06944
 0.920709 0.390249 -1.14608e-07
 0.390249 -0.920709 4.63743e-08
 -8.74228e-08 0 -1
 0 4 13 5
 -6.86551 16.5317 -9.44484
 0.920709 0.390249 -1.14608e-07
 0.390249 -0.920709 4.63743e-08
 -8.74228e-08 0 -1
 0 4 13 6
 -6.86551 16.5317 -15.8202
 0.920709 0.390249 -1.14608e-07
 0.390249 -0.920709 4.63743e-08
 -8.74228e-08 0 -1
 0 4 14 1
 -9.29653 13.7044 16.0517
 0.82373 0.566982 -1.2158e-07
 0.566982 -0.82373 2.24457e-08
 -8.74228e-08 0 -1
 0 4 14 2
 -9.29653 13.7044 9.67629
 0.82373 0.566982 -1.2158e-07
 0.566982 -0.82373 2.24457e-08
 -8.74228e-08 0 -1
 0 4 14 3
 -9.29653 13.7044 3.30089
 0.82373 0.566982 -1.2158e-07
 0.566982 -0.82373 2.24457e-08
 -8.74228e-08 0 -1
 0 4 14 4
 -9.29653 13.7044 -3.07451
 0.82373 0.566982 -1.2158e-07
 0.566982 -0.82373 2.24457e-08
 -8.74228e-08 0 -1
 0 4 14 5
 -9.29653 13.7044 -9.44991
 0.82373 0.566982 -1.2158e-07
 0.566982 -0.82373 2.24457e-08
 -8.74228e-08 0 -1
 0 4 14 6
 -9.29653 13.7044 -15.8253
 0.82373 0.566982 -1.2158e-07
 0.566982 -0.82373 2.24457e-08
 -8.74228e-08 0 -1
 0 4 15 1
 -11.2515 10.6311 16.0519
 0.682254 0.731116 -1.23561e-07
 0.731116 -0.682254 -4.27163e-09
 -8.74228e-08 0 -1
 0 4 15 2
 -11.2515 10.6311 9.67655
 0.682254 0.731116 -1.23561e-07
 0.731116 -0.682254 -4.27163e-09
 -8.74228e-08 0 -1
 0 4 15 3
 -11.2515 10.6311 3.30115
 0.682254 0.731116 -1.23561e-07
 0.731116 -0.682254 -4.27163e-09
 -8.74228e-08 0 -1
 0 4 15 4
 -11.2515 10.6311 -3.07425
 0.682254 0.731116 -1.23561e-07
 0.731116 -0.682254 -4.27163e-09
 -8.74228e-08 0 -1
 0 4 15 5
 -11.2515 10.6311 -9.44965
 0.682254 0.731116 -1.23561e-07
 0.731116 -0.682254 -4.27163e-09
 -8.74228e-08 0 -1
 0 4 15 6
 -11.2515 10.6311 -15.8251
 0.682254 0.731116 -1.23561e-07
 0.731116 -0.682254 -4.27163e-09
 -8.74228e-08 0 -1
 0 4 16 1
 -15.26 9.30784 16.0564
 0.514739 0.857347 -1.19952e-07
 0.857347 -0.514739 -2.99518e-08
 -8.74228e-08 0 -1
 0 4 16 2
 -15.26 9.30784 9.68102
 0.514739 0.857347 -1.19952e-07
 0.857347 -0.514739 -2.99518e-08
 -8.74228e-08 0 -1
 0 4 16 3
 -15.26 9.30784 3.30562
 0.514739 0.857347 -1.19952e-07
 0.857347 -0.514739 -2.99518e-08
 -8.74228e-08 0 -1
 0 4 16 4
 -15.26 9.30784 -3.06978
 0.514739 0.857347 -1.19952e-07
 0.857347 -0.514739 -2.99518e-08
 -8.74228e-08 0 -1
 0 4 16 5
 -15.26 9.30784 -9.44518
 0.514739 0.857347 -1.19952e-07
 0.857347 -0.514739 -2.99518e-08
 -8.74228e-08 0 -1
 0 4 16 6
 -15.26 9.30784 -15.8206
 0.514739 0.857347 -1.19952e-07
 0.857347 -0.514739 -2.99518e-08
 -8.74228e-08 0 -1
 0 4 17 1
 -15.6929 5.67359 16.0046
 0.332326 0.943165 -1.11507e-07
 0.943165 -0.332326 -5.34012e-08
 -8.74228e-08 0 -1
 0 4 17 2
 -15.6929 5.67359 9.6292
 0.332326 0.943165 -1.11507e-07
 0.943165 -0.332326 -5.34012e-08
 -8.74228e-08 0 -1
 0 4 17 3
 -15.6929 5.67359 3.2538
 0.332326 0.943165 -1.11507e-07
 0.943165 -0.332326 -5.34012e-08
 -8.74228e-08 0 -1
 0 4 17 4
 -15.6929 5.67359 -3.1216
 0.332326 0.943165 -1.11507e-07
 0.943165 -0.332326 -5.34012e-08
 -8.74228e-08 0 -1
 0 4 17 5
 -15.6929 5.67359 -9.497
 0.332326 0.943165 -1.11507e-07
 0.943165 -0.332326 -5.34012e-08
 -8.74228e-08 0 -1
 0 4 17 6
 -15.6929 5.67359 -15.8724
 0.332326 0.943165 -1.11507e-07
 0.943165 -0.332326 -5.34012e-08
 -8.74228e-08 0 -1
 0 4 18 1
 -15.3184 1.9736 16.04
 0.12135 0.99261 -9.73854e-08
 0.99261 -0.12135 -7.6168e-08
 -8.74228e-08 0 -1
 0 4 18 2
 -15.3184 1.9736 9.66462
 0.12135 0.99261 -9.73854e-08
 0.99261 -0.12135 -7.6168e-08
 -8.74228e-08 0 -1
 0 4 18 3
 -15.3184 1.9736 3.28922
 0.12135 0.99261 -9.73854e-08
 0.99261 -0.12135 -7.6168e-08
 -8.74228e-08 0 -1
 0 4 18 4
 -15.3184 1.9736 -3.08618
 0.12135 0.99261 -9.73854e-08
 0.99261 -0.12135 -7.6168e-08
 -8.74228e-08 0 -1
 0 4 18 5
 -15.3184 1.9736 -9.46158
 0.12135 0.99261 -9.73854e-08
 0.99261 -0.12135 -7.6168e-08
 -8.74228e-08 0 -1
 0 4 18 6
 -15.3184 1.9736 -15.837
 0.12135 0.99261 -9.73854e-08
 0.99261 -0.12135 -7.6168e-08
 -8.74228e-08 0 -1
 0 4 19 1
 -17.8162 -1.46506 16.0379
 -0.0883728 0.996087 -7.9355e-08
 0.996087 0.0883727 -9.48065e-08
 -8.74228e-08 0 -1
 0 4 19 2
 -17.8162 -1.46506 9.66254
 -0.0883728 0.996087 -7.9355e-08
 0.996087 0.0883727 -9.48065e-08
 -8.74228e-08 0 -1
 0 4 19 3
 -17.8162 -1.46506 3.28714
 -0.0883728 0.996087 -7.9355e-08
 0.996087 0.0883727 -9.48065e-08
 -8.74228e-08 0 -1
 0 4 19 4
 -17.8162 -1.46506 -3.08826
 -0.0883728 0.996087 -7.9355e-08
 0.996087 0.0883727 -9.48065e-08
 -8.74228e-08 0 -1
 0 4 19 5
 -17.8162 -1.46506 -9.46366
 -0.0883728 0.996087 -7.9355e-08
 0.996087 0.0883727 -9.48065e-08
 -8.74228e-08 0 -1
 0 4 19 6
 -17.8162 -1.46506 -15.8391
 -0.0883728 0.996087 -7.9355e-08
 0.996087 0.0883727 -9.48065e-08
 -8.74228e-08 0 -1
 0 4 20 1
 -16.0981 -4.68785 16.0354
 -0.286357 0.958123 -5.87276e-08
 0.958123 0.286357 -1.08796e-07
 -8.74228e-08 0 -1
 0 4 20 2
 -16.0981 -4.68785 9.65995
 -0.286357 0.958123 -5.87276e-08
 0.958123 0.286357 -1.08796e-07
 -8.74228e-08 0 -1
 0 4 20 3
 -16.0981 -4.68785 3.28455
 -0.286357 0.958123 -5.87276e-08
 0.958123 0.286357 -1.08796e-07
 -8.74228e-08 0 -1
 0 4 20 4
 -16.0981 -4.68785 -3.09085
 -0.286357 0.958123 -5.87276e-08
 0.958123 0.286357 -1.08796e-07
 -8.74228e-08 0 -1
 0 4 20 5
 -16.0981 -4.68785 -9.46625
 -0.286357 0.958123 -5.87276e-08
 0.958123 0.286357 -1.08796e-07
 -8.74228e-08 0 -1
 0 4 20 6
 -16.0981 -4.68785 -15.8416
 -0.286357 0.958123 -5.87276e-08
 0.958123 0.286357 -1.08796e-07
 -8.74228e-08 0 -1
 0 4 21 1
 -13.6513 -7.4519 16.0212
 -0.48603 0.873942 -3.39123e-08
 0.873942 0.48603 -1.18893e-07
 -8.74228e-08 0 -1
 0 4 21 2
 -13.6513 -7.4519 9.64579
 -0.48603 0.873942 -3.39123e-08
 0.873942 0.48603 -1.18893e-07
 -8.74228e-08 0 -1
 0 4 21 3
 -13.6513 -7.4519 3.27039
 -0.48603 0.873942 -3.39123e-08
 0.873942 0.48603 -1.18893e-07
 -8.74228e-08 0 -1
 0 4 21 4
 -13.6513 -7.4519 -3.10501
 -0.48603 0.873942 -3.39123e-08
 0.873942 0.48603 -1.18893e-07
 -8.74228e-08 0 -1
 0 4 21 5
 -13.6513 -7.4519 -9.4804
 -0.48603 0.873942 -3.39123e-08
 0.873942 0.48603 -1.18893e-07
 -8.74228e-08 0 -1
 0 4 21 6
 -13.6513 -7.4519 -15.8558
 -0.48603 0.873942 -3.39123e-08
 0.873942 0.48603 -1.18893e-07
 -8.74228e-08 0 -1
 0 4 22 1
 -13.5871 -11.6769 16.0247
 -0.657638 0.753334 -8.366e-09
 0.753334 0.657638 -1.23351e-07
 -8.74228e-08 0 -1
 0 4 22 2
 -13.5871 -11.6769 9.64927
 -0.657638 0.753334 -8.366e-09
 0.753334 0.657638 -1.23351e-07
 -8.74228e-08 0 -1
 0 4 22 3
 -13.5871 -11.6769 3.27387
 -0.657638 0.753334 -8.366e-09
 0.753334 0.657638 -1.23351e-07
 -8.74228e-08 0 -1
 0 4 22 4
 -13.5871 -11.6769 -3.10153
 -0.657638 0.753334 -8.366e-09
 0.753334 0.657638 -1.23351e-07
 -8.74228e-08 0 -1
 0 4 22 5
 -13.5871 -11.6769 -9.47693
 -0.657638 0.753334 -8.366e-09
 0.753334 0.657638 -1.23351e-07
 -8.74228e-08 0 -1
 0 4 22 6
 -13.5871 -11.6769 -15.8523
 -0.657638 0.753334 -8.366e-09
 0.753334 0.657638 -1.23351e-07
 -8.74228e-08 0 -1
 0 4 23 1
 -10.2165 -13.1946 16.0179
 -0.795368 0.606127 1.65439e-08
 0.606127 0.795368 -1.22523e-07
 -8.74228e-08 0 -1
 0 4 23 2
 -10.2165 -13.1946 9.64252
 -0.795368 0.606127 1.65439e-08
 0.606127 0.795368 -1.22523e-07
 -8.74228e-08 0 -1
 0 4 23 3
 -10.2165 -13.1946 3.26712
 -0.795368 0.606127 1.65439e-08
 0.606127 0.795368 -1.22523e-07
 -8.74228e-08 0 -1
 0 4 23 4
 -10.2165 -13.1946 -3.10828
 -0.795368 0.606127 1.65439e-08
 0.606127 0.795368 -1.22523e-07
 -8.74228e-08 0 -1
 0 4 23 5
 -10.2165 -13.1946 -9.48368
 -0.795368 0.606127 1.65439e-08
 0.606127 0.795368 -1.22523e-07
 -8.74228e-08 0 -1
 0 4 23 6
 -10.2165 -13.1946 -15.8591
 -0.795368 0.606127 1.65439e-08
 0.606127 0.795368 -1.22523e-07
 -8.74228e-08 0 -1
 0 4 24 1
 -6.68239 -13.9556 16.0046
 -0.907264 0.420561 4.2549e-08
 0.420561 0.907264 -1.16082e-07
 -8.74228e-08 0 -1
 0 4 24 2
 -6.68239 -13.9556 9.6292
 -0.907264 0.420561 4.2549e-08
 0.420561 0.907264 -1.16082e-07
 -8.74228e-08 0 -1
 0 4 24 3
 -6.68239 -13.9556 3.2538
 -0.907264 0.420561 4.2549e-08
 0.420561 0.907264 -1.16082e-07
 -8.74228e-08 0 -1
 0 4 24 4
 -6.68239 -13.9556 -3.1216
 -0.907264 0.420561 4.2549e-08
 0.420561 0.907264 -1.16082e-07
 -8.74228e-08 0 -1
 0 4 24 5
 -6.68239 -13.9556 -9.497
 -0.907264 0.420561 4.2549e-08
 0.420561 0.907264 -1.16082e-07
 -8.74228e-08 0 -1
 0 4 24 6
 -6.68239 -13.9556 -15.8724
 -0.907264 0.420561 4.2549e-08
 0.420561 0.907264 -1.16082e-07
 -8.74228e-08 0 -1
