 SVX cage parameters:
   2.2000000    
  0.50000000      0.20000000    
   0.0000000    
           6
  -40.000000      -26.500000      -26.500000       26.500000       26.500000       40.000000    
   53.000000       53.000000       22.000000       22.000000       53.000000       53.000000    
   0.0000000       0.0000000       0.0000000    
 SVX barrel parameters:
           4
   2.6300001       5.1300001       11.760000       16.690001       1.3800000    
   0.0000000       0.0000000       0.0000000       0.0000000    
           4           4           5           6
  0.69599998      0.69599998       1.7450000       1.7450000    
  9.99999978E-03  9.99999978E-03  3.12500000E-02  3.12500000E-02
   2.8360000       2.8360000       3.1877000       3.1877000    
  1.89999994E-02  1.89999994E-02   0.0000000       0.0000000    
  1.99999996E-02  1.99999996E-02   0.0000000       0.0000000    
   26.700001       13.600000       17.000000       12.000000    
  -13.000000      -13.020000       0.0000000       0.0000000    
           2
           5           5
   0.0000000       180.00000    
           2
          10          10
   0.0000000       180.00000    
           2
           8           8
   0.0000000       180.00000    
           2
          12          12
   0.0000000       180.00000    
 SVX barrel sensor rotation matrices and translation vectors
0	1	1	1
1.5596526	-2.1000211	8.5470575
0.64813977	0.76152152	0
-0.76152152	0.64813977	0
0	0	1
0	1	1	2
1.5596526	-2.1000211	2.8550576
0.64813977	0.76152152	0
-0.76152152	0.64813977	0
0	0	1
0	1	1	3
1.5596526	-2.1000211	-2.8369423
0.64813977	0.76152152	0
-0.76152152	0.64813977	0
0	0	1
0	1	1	4
1.5596526	-2.1000211	-8.5289427
0.64813977	0.76152152	0
-0.76152152	0.64813977	0
0	0	1
0	1	2	1
2.337126	-1.1749257	8.5476388
0.23686297	0.97154301	0
-0.97154301	0.23686297	0
0	0	1
0	1	2	2
2.337126	-1.1749257	2.8556389
0.23686297	0.97154301	0
-0.97154301	0.23686297	0
0	0	1
0	1	2	3
2.337126	-1.1749257	-2.836361
0.23686297	0.97154301	0
-0.97154301	0.23686297	0
0	0	1
0	1	2	4
2.337126	-1.1749257	-8.5283614
0.23686297	0.97154301	0
-0.97154301	0.23686297	0
0	0	1
0	1	3	1
2.6135837	0.0053980721	8.5342239
-0.22492619	0.97437578	0
-0.97437578	-0.22492619	0
0	0	1
0	1	3	2
2.6135837	0.0053980721	2.8422238
-0.22492619	0.97437578	0
-0.97437578	-0.22492619	0
0	0	1
0	1	3	3
2.6135837	0.0053980721	-2.8497762
-0.22492619	0.97437578	0
-0.97437578	-0.22492619	0
0	0	1
0	1	3	4
2.6135837	0.0053980721	-8.5417763
-0.22492619	0.97437578	0
-0.97437578	-0.22492619	0
0	0	1
0	1	4	1
2.336574	1.1765225	8.5501348
-0.63874781	0.76941603	0
-0.76941603	-0.63874781	0
0	0	1
0	1	4	2
2.336574	1.1765225	2.8581347
-0.63874781	0.76941603	0
-0.76941603	-0.63874781	0
0	0	1
0	1	4	3
2.336574	1.1765225	-2.8338653
-0.63874781	0.76941603	0
-0.76941603	-0.63874781	0
0	0	1
0	1	4	4
2.336574	1.1765225	-8.5258654
-0.63874781	0.76941603	0
-0.76941603	-0.63874781	0
0	0	1
0	1	5	1
1.5555028	2.1027026	8.5487522
-0.91635257	0.40037239	0
-0.40037239	-0.91635257	0
0	0	1
0	1	5	2
1.5555028	2.1027026	2.8567521
-0.91635257	0.40037239	0
-0.40037239	-0.91635257	0
0	0	1
0	1	5	3
1.5555028	2.1027026	-2.8352479
-0.91635257	0.40037239	0
-0.40037239	-0.91635257	0
0	0	1
0	1	5	4
1.5555028	2.1027026	-8.527248
-0.91635257	0.40037239	0
-0.40037239	-0.91635257	0
0	0	1
0	1	6	1
-1.5504897	2.1025298	-8.5415102
0.91635239	0.40037259	0
0.40037259	-0.91635239	0
0	0	-1
0	1	6	2
-1.5504892	2.1025298	-2.8495103
0.91635239	0.40037259	0
0.40037259	-0.91635239	0
0	0	-1
0	1	6	3
-1.5504887	2.1025298	2.8424896
0.91635239	0.40037259	0
0.40037259	-0.91635239	0
0	0	-1
0	1	6	4
-1.5504882	2.1025298	8.53449
0.91635239	0.40037259	0
0.40037259	-0.91635239	0
0	0	-1
0	1	7	1
-2.3355378	1.1760958	-8.541126
0.63874805	0.76941597	0
0.76941597	-0.63874805	0
0	0	-1
0	1	7	2
-2.3355373	1.1760958	-2.8491261
0.63874805	0.76941597	0
0.76941597	-0.63874805	0
0	0	-1
0	1	7	3
-2.3355369	1.1760958	2.8428738
0.63874805	0.76941597	0
0.76941597	-0.63874805	0
0	0	-1
0	1	7	4
-2.3355364	1.1760958	8.5348742
0.63874805	0.76941597	0
0.76941597	-0.63874805	0
0	0	-1
0	1	8	1
-2.6159097	-0.0019471053	-8.5384371
0.22492608	0.97437578	0
0.97437578	-0.22492608	0
0	0	-1
0	1	8	2
-2.6159092	-0.0019471053	-2.846437
0.22492608	0.97437578	0
0.97437578	-0.22492608	0
0	0	-1
0	1	8	3
-2.6159087	-0.0019471053	2.845563
0.22492608	0.97437578	0
0.97437578	-0.22492608	0
0	0	-1
0	1	8	4
-2.615908	-0.0019471053	8.5375631
0.22492608	0.97437578	0
0.97437578	-0.22492608	0
0	0	-1
0	1	9	1
-2.3390765	-1.1712706	-8.5388403
-0.23686306	0.97154307	0
0.97154307	0.23686306	0
0	0	-1
0	1	9	2
-2.339076	-1.1712706	-2.8468402
-0.23686306	0.97154307	0
0.97154307	0.23686306	0
0	0	-1
0	1	9	3
-2.3390755	-1.1712706	2.8451598
-0.23686306	0.97154307	0
0.97154307	0.23686306	0
0	0	-1
0	1	9	4
-2.339075	-1.1712706	8.5371599
-0.23686306	0.97154307	0
0.97154307	0.23686306	0
0	0	-1
0	1	10	1
-1.5623549	-2.0969129	-8.5361509
-0.64813924	0.76152176	0
0.76152176	0.64813924	0
0	0	-1
0	1	10	2
-1.5623544	-2.0969129	-2.8441508
-0.64813924	0.76152176	0
0.76152176	0.64813924	0
0	0	-1
0	1	10	3
-1.562354	-2.0969129	2.8478492
-0.64813924	0.76152176	0
0.76152176	0.64813924	0
0	0	-1
0	1	10	4
-1.5623535	-2.0969129	8.5398493
-0.64813924	0.76152176	0
0.76152176	0.64813924	0
0	0	-1
0	2	1	1
2.4685252	-4.4988268	8.5390744
0.74525201	0.66678286	0
-0.66678286	0.74525201	0
0	0	1
0	2	1	2
2.4685252	-4.4988268	2.8470747
0.74525201	0.66678286	0
-0.66678286	0.74525201	0
0	0	1
0	2	1	3
2.4685252	-4.4988268	-2.8449252
0.74525201	0.66678286	0
-0.66678286	0.74525201	0
0	0	1
0	2	1	4
2.4685252	-4.4988268	-8.5369258
0.74525201	0.66678286	0
-0.66678286	0.74525201	0
0	0	1
0	2	2	1
3.4601717	-3.788326	8.5388917
0.56756717	0.82332718	0
-0.82332718	0.56756717	0
0	0	1
0	2	2	2
3.4601717	-3.788326	2.8468918
0.56756717	0.82332718	0
-0.82332718	0.56756717	0
0	0	1
0	2	2	3
3.4601717	-3.788326	-2.8451081
0.56756717	0.82332718	0
-0.82332718	0.56756717	0
0	0	1
0	2	2	4
3.4601717	-3.788326	-8.5371085
0.56756717	0.82332718	0
-0.82332718	0.56756717	0
0	0	1
0	2	3	1
4.2534345	-2.8706926	8.5402139
0.35805473	0.93370068	0
-0.93370068	0.35805473	0
0	0	1
0	2	3	2
4.2534345	-2.8706926	2.8482138
0.35805473	0.93370068	0
-0.93370068	0.35805473	0
0	0	1
0	2	3	3
4.2534345	-2.8706926	-2.8437862
0.35805473	0.93370068	0
-0.93370068	0.35805473	0
0	0	1
0	2	3	4
4.2534345	-2.8706926	-8.5357863
0.35805473	0.93370068	0
-0.93370068	0.35805473	0
0	0	1
0	2	4	1
4.8107592	-1.7876439	8.5409017
0.12846246	0.99171436	0
-0.99171436	0.12846246	0
0	0	1
0	2	4	2
4.8107592	-1.7876439	2.8489016
0.12846246	0.99171436	0
-0.99171436	0.12846246	0
0	0	1
0	2	4	3
4.8107592	-1.7876439	-2.8430984
0.12846246	0.99171436	0
-0.99171436	0.12846246	0
0	0	1
0	2	4	4
4.8107592	-1.7876439	-8.5350985
0.12846246	0.99171436	0
-0.99171436	0.12846246	0
0	0	1
0	2	5	1
5.0830596	-0.60820229	8.5385799
-0.1083333	0.99411464	0
-0.99411464	-0.1083333	0
0	0	1
0	2	5	2
5.0830596	-0.60820229	2.8465795
-0.1083333	0.99411464	0
-0.99411464	-0.1083333	0
0	0	1
0	2	5	3
5.0830596	-0.60820229	-2.8454204
-0.1083333	0.99411464	0
-0.99411464	-0.1083333	0
0	0	1
0	2	5	4
5.0830596	-0.60820229	-8.5374203
-0.1083333	0.99411464	0
-0.99411464	-0.1083333	0
0	0	1
0	2	6	1
5.097807	0.61226439	8.5446256
-0.33905396	0.94076693	0
-0.94076693	-0.33905396	0
0	0	1
0	2	6	2
5.097807	0.61226439	2.8526261
-0.33905396	0.94076693	0
-0.94076693	-0.33905396	0
0	0	1
0	2	6	3
5.097807	0.61226439	-2.8393738
-0.33905396	0.94076693	0
-0.94076693	-0.33905396	0
0	0	1
0	2	6	4
5.097807	0.61226439	-8.5313747
-0.33905396	0.94076693	0
-0.94076693	-0.33905396	0
0	0	1
0	2	7	1
4.8139032	1.7915205	8.5454952
-0.5507611	0.83466291	0
-0.83466291	-0.5507611	0
0	0	1
0	2	7	2
4.8139032	1.7915205	2.8534957
-0.5507611	0.83466291	0
-0.83466291	-0.5507611	0
0	0	1
0	2	7	3
4.8139032	1.7915205	-2.8385042
-0.5507611	0.83466291	0
-0.83466291	-0.5507611	0
0	0	1
0	2	7	4
4.8139032	1.7915205	-8.5305051
-0.5507611	0.83466291	0
-0.83466291	-0.5507611	0
0	0	1
0	2	8	1
4.2450033	2.8609357	8.5393246
-0.73158258	0.68175286	0
-0.68175286	-0.73158258	0
0	0	1
0	2	8	2
4.2450033	2.8609357	2.8473249
-0.73158258	0.68175286	0
-0.68175286	-0.73158258	0
0	0	1
0	2	8	3
4.2450033	2.8609357	-2.844675
-0.73158258	0.68175286	0
-0.68175286	-0.73158258	0
0	0	1
0	2	8	4
4.2450033	2.8609357	-8.5366757
-0.73158258	0.68175286	0
-0.68175286	-0.73158258	0
0	0	1
0	2	9	1
3.4540011	3.7832205	8.5424482
-0.87137854	0.49061114	0
-0.49061114	-0.87137854	0
0	0	1
0	2	9	2
3.4540011	3.7832205	2.8504485
-0.87137854	0.49061114	0
-0.49061114	-0.87137854	0
0	0	1
0	2	9	3
3.4540011	3.7832205	-2.8415514
-0.87137854	0.49061114	0
-0.49061114	-0.87137854	0
0	0	1
0	2	9	4
3.4540011	3.7832205	-8.5335521
-0.87137854	0.49061114	0
-0.49061114	-0.87137854	0
0	0	1
0	2	10	1
2.4776446	4.5037256	8.5567831
-0.96230936	0.27195698	0
-0.27195698	-0.96230936	0
0	0	1
0	2	10	2
2.4776446	4.5037256	2.8647834
-0.96230936	0.27195698	0
-0.27195698	-0.96230936	0
0	0	1
0	2	10	3
2.4776446	4.5037256	-2.8272165
-0.96230936	0.27195698	0
-0.27195698	-0.96230936	0
0	0	1
0	2	10	4
2.4776446	4.5037256	-8.5192172
-0.96230936	0.27195698	0
-0.27195698	-0.96230936	0
0	0	1
0	2	11	1
-2.4710983	4.5027236	-8.5478342
0.96230942	0.27195695	0
0.27195695	-0.96230942	0
0	0	-1
0	2	11	2
-2.4710979	4.5027236	-2.8558345
0.96230942	0.27195695	0
0.27195695	-0.96230942	0
0	0	-1
0	2	11	3
-2.4710974	4.5027236	2.8361654
0.96230942	0.27195695	0
0.27195695	-0.96230942	0
0	0	-1
0	2	11	4
-2.4710969	4.5027236	8.528166
0.96230942	0.27195695	0
0.27195695	-0.96230942	0
0	0	-1
0	2	12	1
-3.4553495	3.7808205	-8.5401655
0.8713786	0.49061114	0
0.49061114	-0.8713786	0
0	0	-1
0	2	12	2
-3.455349	3.7808205	-2.8481656
0.8713786	0.49061114	0
0.49061114	-0.8713786	0
0	0	-1
0	2	12	3
-3.4553486	3.7808205	2.8438343
0.8713786	0.49061114	0
0.49061114	-0.8713786	0
0	0	-1
0	2	12	4
-3.4553481	3.7808205	8.5358347
0.8713786	0.49061114	0
0.49061114	-0.8713786	0
0	0	-1
0	2	13	1
-4.2475102	2.8618611	-8.5390445
0.73158276	0.6817525	0
0.6817525	-0.73158276	0
0	0	-1
0	2	13	2
-4.2475097	2.8618611	-2.8470444
0.73158276	0.6817525	0
0.6817525	-0.73158276	0
0	0	-1
0	2	13	3
-4.2475093	2.8618611	2.8449556
0.73158276	0.6817525	0
0.6817525	-0.73158276	0
0	0	-1
0	2	13	4
-4.2475088	2.8618611	8.5369557
0.73158276	0.6817525	0
0.6817525	-0.73158276	0
0	0	-1
0	2	14	1
-4.8059507	1.7994687	-8.5374262
0.5507611	0.83466291	0
0.83466291	-0.5507611	0
0	0	-1
0	2	14	2
-4.8059502	1.7994687	-2.8454261
0.5507611	0.83466291	0
0.83466291	-0.5507611	0
0	0	-1
0	2	14	3
-4.8059497	1.7994687	2.8465739
0.5507611	0.83466291	0
0.83466291	-0.5507611	0
0	0	-1
0	2	14	4
-4.8059493	1.7994687	8.538574
0.5507611	0.83466291	0
0.83466291	-0.5507611	0
0	0	-1
0	2	15	1
-5.0975607	0.609541	-8.5355777
0.33905399	0.94076687	0
0.94076687	-0.33905399	0
0	0	-1
0	2	15	2
-5.0975603	0.609541	-2.8435773
0.33905399	0.94076687	0
0.94076687	-0.33905399	0
0	0	-1
0	2	15	3
-5.0975598	0.609541	2.8484226
0.33905399	0.94076687	0
0.94076687	-0.33905399	0
0	0	-1
0	2	15	4
-5.0975593	0.609541	8.5404225
0.33905399	0.94076687	0
0.94076687	-0.33905399	0
0	0	-1
0	2	16	1
-5.0945484	-0.60638591	-8.5332356
0.10833333	0.99411464	0
0.99411464	-0.10833333	0
0	0	-1
0	2	16	2
-5.0945479	-0.60638591	-2.8412361
0.10833333	0.99411464	0
0.99411464	-0.10833333	0
0	0	-1
0	2	16	3
-5.0945474	-0.60638591	2.8507638
0.10833333	0.99411464	0
0.99411464	-0.10833333	0
0	0	-1
0	2	16	4
-5.0945469	-0.60638591	8.5427647
0.10833333	0.99411464	0
0.99411464	-0.10833333	0
0	0	-1
0	2	17	1
-4.8094861	-1.788849	-8.5346092
-0.12846243	0.99171436	0
0.99171436	0.12846243	0
0	0	-1
0	2	17	2
-4.8094856	-1.788849	-2.8426097
-0.12846243	0.99171436	0
0.99171436	0.12846243	0
0	0	-1
0	2	17	3
-4.8094851	-1.788849	2.8493902
-0.12846243	0.99171436	0
0.99171436	0.12846243	0
0	0	-1
0	2	17	4
-4.8094846	-1.788849	8.5413911
-0.12846243	0.99171436	0
0.99171436	0.12846243	0
0	0	-1
0	2	18	1
-4.2570781	-2.8742346	-8.5263697
-0.35805428	0.93370074	0
0.93370074	0.35805428	0
0	0	-1
0	2	18	2
-4.2570776	-2.8742346	-2.83437
-0.35805428	0.93370074	0
0.93370074	0.35805428	0
0	0	-1
0	2	18	3
-4.2570771	-2.8742346	2.8576299
-0.35805428	0.93370074	0
0.93370074	0.35805428	0
0	0	-1
0	2	18	4
-4.2570767	-2.8742346	8.5496306
-0.35805428	0.93370074	0
0.93370074	0.35805428	0
0	0	-1
0	2	19	1
-3.4572038	-3.7891211	-8.5302057
-0.56756705	0.82332712	0
0.82332712	0.56756705	0
0	0	-1
0	2	19	2
-3.4572033	-3.7891211	-2.838206
-0.56756705	0.82332712	0
0.82332712	0.56756705	0
0	0	-1
0	2	19	3
-3.4572028	-3.7891211	2.8537939
-0.56756705	0.82332712	0
0.82332712	0.56756705	0
0	0	-1
0	2	19	4
-3.4572024	-3.7891211	8.5457946
-0.56756705	0.82332712	0
0.82332712	0.56756705	0
0	0	-1
0	2	20	1
-2.4654659	-4.5008029	-8.5233054
-0.74525195	0.66678298	0
0.66678298	0.74525195	0
0	0	-1
0	2	20	2
-2.4654654	-4.5008029	-2.8313057
-0.74525195	0.66678298	0
0.66678298	0.74525195	0
0	0	-1
0	2	20	3
-2.465465	-4.5008029	2.8606942
-0.74525195	0.66678298	0
0.66678298	0.74525195	0
0	0	-1
0	2	20	4
-2.4654645	-4.5008029	8.5526949
-0.74525195	0.66678298	0
0.66678298	0.74525195	0
0	0	-1
           0           3           1           1
   5.5571995      -10.364128       12.750800    
 -0.88130325     -0.47255102      1.18357704E-07
 -0.47255114      0.88130331     -3.57342529E-08
 -8.74227766E-08   0.0000000     -1.00000000    
           0           3           1           2
   5.5571990      -10.364128       6.3754005    
 -0.88130325     -0.47255102      1.18357704E-07
 -0.47255114      0.88130331     -3.57342529E-08
 -8.74227766E-08   0.0000000     -1.00000000    
           0           3           1           3
   5.5571985      -10.364128      4.18193906E-07
 -0.88130325     -0.47255102      1.18357704E-07
 -0.47255114      0.88130331     -3.57342529E-08
 -8.74227766E-08   0.0000000     -1.00000000    
           0           3           1           4
   5.5571980      -10.364128      -6.3753996    
 -0.88130325     -0.47255102      1.18357704E-07
 -0.47255114      0.88130331     -3.57342529E-08
 -8.74227766E-08   0.0000000     -1.00000000    
           0           3           1           5
   5.5571971      -10.364128      -12.750800    
 -0.88130325     -0.47255102      1.18357704E-07
 -0.47255114      0.88130331     -3.57342529E-08
 -8.74227766E-08   0.0000000     -1.00000000    
           0           3           2           1
   7.4968872      -7.1792130       12.750800    
 -0.69163913     -0.72224319      1.23605531E-07
 -0.72224307      0.69163936      2.67546696E-09
 -8.74227766E-08   0.0000000     -1.00000000    
           0           3           2           2
   7.4968867      -7.1792130       6.3754001    
 -0.69163913     -0.72224319      1.23605531E-07
 -0.72224307      0.69163936      2.67546696E-09
 -8.74227766E-08   0.0000000     -1.00000000    
           0           3           2           3
   7.4968863      -7.1792130     -2.98131440E-08
 -0.69163913     -0.72224319      1.23605531E-07
 -0.72224307      0.69163936      2.67546696E-09
 -8.74227766E-08   0.0000000     -1.00000000    
           0           3           2           4
   7.4968858      -7.1792130      -6.3754001    
 -0.69163913     -0.72224319      1.23605531E-07
 -0.72224307      0.69163936      2.67546696E-09
 -8.74227766E-08   0.0000000     -1.00000000    
           0           3           2           5
   7.4968848      -7.1792130      -12.750800    
 -0.69163913     -0.72224319      1.23605531E-07
 -0.72224307      0.69163936      2.67546696E-09
 -8.74227766E-08   0.0000000     -1.00000000    
           0           3           3           1
   11.769655      -5.8425050       12.750799    
 -0.44463554     -0.89571154      1.17176874E-07
 -0.89571160      0.44463560      3.94343083E-08
 -8.74227766E-08   0.0000000     -1.00000000    
           0           3           3           2
   11.769654      -5.8425050       6.3753996    
 -0.44463554     -0.89571154      1.17176874E-07
 -0.89571160      0.44463560      3.94343083E-08
 -8.74227766E-08   0.0000000     -1.00000000    
           0           3           3           3
   11.769653      -5.8425050     -5.20209028E-07
 -0.44463554     -0.89571154      1.17176874E-07
 -0.89571160      0.44463560      3.94343083E-08
 -8.74227766E-08   0.0000000     -1.00000000    
           0           3           3           4
   11.769653      -5.8425050      -6.3754005    
 -0.44463554     -0.89571154      1.17176874E-07
 -0.89571160      0.44463560      3.94343083E-08
 -8.74227766E-08   0.0000000     -1.00000000    
           0           3           3           5
   11.769652      -5.8425050      -12.750801    
 -0.44463554     -0.89571154      1.17176874E-07
 -0.89571160      0.44463560      3.94343083E-08
 -8.74227766E-08   0.0000000     -1.00000000    
           0           3           4           1
   11.569018      -2.1107903       12.750799    
 -0.17948943     -0.98375988      1.01694496E-07
 -0.98375988      0.17948949      7.03115504E-08
 -8.74227766E-08   0.0000000     -1.00000000    
           0           3           4           2
   11.569017      -2.1107903       6.3753991    
 -0.17948943     -0.98375988      1.01694496E-07
 -0.98375988      0.17948949      7.03115504E-08
 -8.74227766E-08   0.0000000     -1.00000000    
           0           3           4           3
   11.569017      -2.1107903     -8.28905797E-07
 -0.17948943     -0.98375988      1.01694496E-07
 -0.98375988      0.17948949      7.03115504E-08
 -8.74227766E-08   0.0000000     -1.00000000    
           0           3           4           4
   11.569016      -2.1107903      -6.3754010    
 -0.17948943     -0.98375988      1.01694496E-07
 -0.98375988      0.17948949      7.03115504E-08
 -8.74227766E-08   0.0000000     -1.00000000    
           0           3           4           5
   11.569016      -2.1107903      -12.750801    
 -0.17948943     -0.98375988      1.01694496E-07
 -0.98375988      0.17948949      7.03115504E-08
 -8.74227766E-08   0.0000000     -1.00000000    
           0           3           5           1
   10.286407       1.3907777       12.750799    
  0.13398600     -0.99098325      7.49210898E-08
 -0.99098325     -0.13398582      9.83479254E-08
 -8.74227766E-08   0.0000000     -1.00000000    
           0           3           5           2
   10.286407       1.3907777       6.3753991    
  0.13398600     -0.99098325      7.49210898E-08
 -0.99098325     -0.13398582      9.83479254E-08
 -8.74227766E-08   0.0000000     -1.00000000    
           0           3           5           3
   10.286406       1.3907777     -1.02289312E-06
  0.13398600     -0.99098325      7.49210898E-08
 -0.99098325     -0.13398582      9.83479254E-08
 -8.74227766E-08   0.0000000     -1.00000000    
           0           3           5           4
   10.286405       1.3907777      -6.3754010    
  0.13398600     -0.99098325      7.49210898E-08
 -0.99098325     -0.13398582      9.83479254E-08
 -8.74227766E-08   0.0000000     -1.00000000    
           0           3           5           5
   10.286405       1.3907777      -12.750801    
  0.13398600     -0.99098325      7.49210898E-08
 -0.99098325     -0.13398582      9.83479254E-08
 -8.74227766E-08   0.0000000     -1.00000000    
           0           3           6           1
   11.903062       5.5656734       12.750798    
  0.42356715     -0.90586478      4.21638049E-08
 -0.90586466     -0.42356709      1.16222623E-07
 -8.74227766E-08   0.0000000     -1.00000000    
           0           3           6           2
   11.903062       5.5656734       6.3753986    
  0.42356715     -0.90586478      4.21638049E-08
 -0.90586466     -0.42356709      1.16222623E-07
 -8.74227766E-08   0.0000000     -1.00000000    
           0           3           6           3
   11.903061       5.5656734     -1.52920666E-06
  0.42356715     -0.90586478      4.21638049E-08
 -0.90586466     -0.42356709      1.16222623E-07
 -8.74227766E-08   0.0000000     -1.00000000    
           0           3           6           4
   11.903061       5.5656734      -6.3754015    
  0.42356715     -0.90586478      4.21638049E-08
 -0.90586466     -0.42356709      1.16222623E-07
 -8.74227766E-08   0.0000000     -1.00000000    
           0           3           6           5
   11.903060       5.5656734      -12.750802    
  0.42356715     -0.90586478      4.21638049E-08
 -0.90586466     -0.42356709      1.16222623E-07
 -8.74227766E-08   0.0000000     -1.00000000    
           0           3           7           1
   8.8592062       7.7338266       12.750798    
  0.65763825     -0.75333393      8.36598701E-09
 -0.75333381     -0.65763819      1.23351100E-07
 -8.74227766E-08   0.0000000     -1.00000000    
           0           3           7           2
   8.8592052       7.7338266       6.3753986    
  0.65763825     -0.75333393      8.36598701E-09
 -0.75333381     -0.65763819      1.23351100E-07
 -8.74227766E-08   0.0000000     -1.00000000    
           0           3           7           3
   8.8592043       7.7338266     -1.45265028E-06
  0.65763825     -0.75333393      8.36598701E-09
 -0.75333381     -0.65763819      1.23351100E-07
 -8.74227766E-08   0.0000000     -1.00000000    
           0           3           7           4
   8.8592043       7.7338266      -6.3754015    
  0.65763825     -0.75333393      8.36598701E-09
 -0.75333381     -0.65763819      1.23351100E-07
 -8.74227766E-08   0.0000000     -1.00000000    
           0           3           7           5
   8.8592033       7.7338266      -12.750802    
  0.65763825     -0.75333393      8.36598701E-09
 -0.75333381     -0.65763819      1.23351100E-07
 -8.74227766E-08   0.0000000     -1.00000000    
           0           3           8           1
   5.3212276       8.9122915       12.750799    
  0.85860217     -0.51264256     -3.02447418E-08
 -0.51264250     -0.85860217      1.19878010E-07
 -8.74227766E-08   0.0000000     -1.00000000    
           0           3           8           2
   5.3212271       8.9122915       6.3753986    
  0.85860217     -0.51264256     -3.02447418E-08
 -0.51264250     -0.85860217      1.19878010E-07
 -8.74227766E-08   0.0000000     -1.00000000    
           0           3           8           3
   5.3212261       8.9122915     -1.24637495E-06
  0.85860217     -0.51264256     -3.02447418E-08
 -0.51264250     -0.85860217      1.19878010E-07
 -8.74227766E-08   0.0000000     -1.00000000    
           0           3           8           4
   5.3212256       8.9122915      -6.3754015    
  0.85860217     -0.51264256     -3.02447418E-08
 -0.51264250     -0.85860217      1.19878010E-07
 -8.74227766E-08   0.0000000     -1.00000000    
           0           3           8           5
   5.3212252       8.9122915      -12.750801    
  0.85860217     -0.51264256     -3.02447418E-08
 -0.51264250     -0.85860217      1.19878010E-07
 -8.74227766E-08   0.0000000     -1.00000000    
           0           3           9           1
  -5.3212280       8.9122915      -12.750800    
 -0.85860223     -0.51264232      3.24552332E-08
  0.51264244     -0.85860223     -5.71780063E-08
   0.0000000       0.0000000      1.00000000    
           0           3           9           2
  -5.3212280       8.9122915      -6.3754005    
 -0.85860223     -0.51264232      3.24552332E-08
  0.51264244     -0.85860223     -5.71780063E-08
   0.0000000       0.0000000      1.00000000    
           0           3           9           3
  -5.3212280       8.9122915     -3.15982078E-07
 -0.85860223     -0.51264232      3.24552332E-08
  0.51264244     -0.85860223     -5.71780063E-08
   0.0000000       0.0000000      1.00000000    
           0           3           9           4
  -5.3212280       8.9122915       6.3753996    
 -0.85860223     -0.51264232      3.24552332E-08
  0.51264244     -0.85860223     -5.71780063E-08
   0.0000000       0.0000000      1.00000000    
           0           3           9           5
  -5.3212280       8.9122915       12.750800    
 -0.85860223     -0.51264232      3.24552332E-08
  0.51264244     -0.85860223     -5.71780063E-08
   0.0000000       0.0000000      1.00000000    
           0           3          10           1
  -8.8592062       7.7338257      -12.750800    
 -0.65763801     -0.75333399      3.59283234E-08
  0.75333399     -0.65763813     -9.57887636E-08
   0.0000000       0.0000000      1.00000000    
           0           3          10           2
  -8.8592062       7.7338257      -6.3754001    
 -0.65763801     -0.75333399      3.59283234E-08
  0.75333399     -0.65763813     -9.57887636E-08
   0.0000000       0.0000000      1.00000000    
           0           3          10           3
  -8.8592062       7.7338257      9.63425251E-08
 -0.65763801     -0.75333399      3.59283234E-08
  0.75333399     -0.65763813     -9.57887636E-08
   0.0000000       0.0000000      1.00000000    
           0           3          10           4
  -8.8592062       7.7338257       6.3754001    
 -0.65763801     -0.75333399      3.59283234E-08
  0.75333399     -0.65763813     -9.57887636E-08
   0.0000000       0.0000000      1.00000000    
           0           3          10           5
  -8.8592062       7.7338257       12.750800    
 -0.65763801     -0.75333399      3.59283234E-08
  0.75333399     -0.65763813     -9.57887636E-08
   0.0000000       0.0000000      1.00000000    
           0           3          11           1
  -11.903063       5.5656719      -12.750799    
 -0.42356703     -0.90586472      2.87998461E-08
  0.90586478     -0.42356718     -1.29586567E-07
   0.0000000       0.0000000      1.00000000    
           0           3          11           2
  -11.903063       5.5656719      -6.3753996    
 -0.42356703     -0.90586472      2.87998461E-08
  0.90586478     -0.42356718     -1.29586567E-07
   0.0000000       0.0000000      1.00000000    
           0           3          11           3
  -11.903063       5.5656719      5.51990922E-07
 -0.42356703     -0.90586472      2.87998461E-08
  0.90586478     -0.42356718     -1.29586567E-07
   0.0000000       0.0000000      1.00000000    
           0           3          11           4
  -11.903063       5.5656719       6.3754005    
 -0.42356703     -0.90586472      2.87998461E-08
  0.90586478     -0.42356718     -1.29586567E-07
   0.0000000       0.0000000      1.00000000    
           0           3          11           5
  -11.903063       5.5656719       12.750801    
 -0.42356703     -0.90586472      2.87998461E-08
  0.90586478     -0.42356718     -1.29586567E-07
   0.0000000       0.0000000      1.00000000    
           0           3          12           1
  -10.286406       1.3907757      -12.750799    
 -0.13398615     -0.99098319      1.09251772E-08
  0.99098319     -0.13398622     -1.62343824E-07
   0.0000000       0.0000000      1.00000000    
           0           3          12           2
  -10.286406       1.3907757      -6.3753991    
 -0.13398615     -0.99098319      1.09251772E-08
  0.99098319     -0.13398622     -1.62343824E-07
   0.0000000       0.0000000      1.00000000    
           0           3          12           3
  -10.286406       1.3907757      7.75639364E-07
 -0.13398615     -0.99098319      1.09251772E-08
  0.99098319     -0.13398622     -1.62343824E-07
   0.0000000       0.0000000      1.00000000    
           0           3          12           4
  -10.286406       1.3907757       6.3754010    
 -0.13398615     -0.99098319      1.09251772E-08
  0.99098319     -0.13398622     -1.62343824E-07
   0.0000000       0.0000000      1.00000000    
           0           3          12           5
  -10.286406       1.3907757       12.750801    
 -0.13398615     -0.99098319      1.09251772E-08
  0.99098319     -0.13398622     -1.62343824E-07
   0.0000000       0.0000000      1.00000000    
           0           3          13           1
  -11.569016      -2.1107934      -12.750799    
  0.17948906     -0.98376000     -1.71111694E-08
  0.98376000      0.17948903     -1.89117230E-07
   0.0000000       0.0000000      1.00000000    
           0           3          13           2
  -11.569016      -2.1107934      -6.3753986    
  0.17948906     -0.98376000     -1.71111694E-08
  0.98376000      0.17948903     -1.89117230E-07
   0.0000000       0.0000000      1.00000000    
           0           3          13           3
  -11.569016      -2.1107934      1.19388562E-06
  0.17948906     -0.98376000     -1.71111694E-08
  0.98376000      0.17948903     -1.89117230E-07
   0.0000000       0.0000000      1.00000000    
           0           3          13           4
  -11.569016      -2.1107934       6.3754015    
  0.17948906     -0.98376000     -1.71111694E-08
  0.98376000      0.17948903     -1.89117230E-07
   0.0000000       0.0000000      1.00000000    
           0           3          13           5
  -11.569016      -2.1107934       12.750801    
  0.17948906     -0.98376000     -1.71111694E-08
  0.98376000      0.17948903     -1.89117230E-07
   0.0000000       0.0000000      1.00000000    
           0           3          14           1
  -11.769650      -5.8425088      -12.750798    
  0.44463521     -0.89571178     -4.79884044E-08
  0.89571172      0.44463512     -2.04599615E-07
   0.0000000       0.0000000      1.00000000    
           0           3          14           2
  -11.769650      -5.8425088      -6.3753986    
  0.44463521     -0.89571178     -4.79884044E-08
  0.89571172      0.44463512     -2.04599615E-07
   0.0000000       0.0000000      1.00000000    
           0           3          14           3
  -11.769650      -5.8425088      1.53766257E-06
  0.44463521     -0.89571178     -4.79884044E-08
  0.89571172      0.44463512     -2.04599615E-07
   0.0000000       0.0000000      1.00000000    
           0           3          14           4
  -11.769650      -5.8425088       6.3754015    
  0.44463521     -0.89571178     -4.79884044E-08
  0.89571172      0.44463512     -2.04599615E-07
   0.0000000       0.0000000      1.00000000    
           0           3          14           5
  -11.769650      -5.8425088       12.750802    
  0.44463521     -0.89571178     -4.79884044E-08
  0.89571172      0.44463512     -2.04599615E-07
   0.0000000       0.0000000      1.00000000    
           0           3          15           1
  -7.4968824      -7.1792159      -12.750799    
  0.69163913     -0.72224331     -8.47472705E-08
  0.72224319      0.69163913     -2.11028322E-07
   0.0000000       0.0000000      1.00000000    
           0           3          15           2
  -7.4968824      -7.1792159      -6.3753986    
  0.69163913     -0.72224331     -8.47472705E-08
  0.72224319      0.69163913     -2.11028322E-07
   0.0000000       0.0000000      1.00000000    
           0           3          15           3
  -7.4968824      -7.1792159      1.28098395E-06
  0.69163913     -0.72224331     -8.47472705E-08
  0.72224319      0.69163913     -2.11028322E-07
   0.0000000       0.0000000      1.00000000    
           0           3          15           4
  -7.4968824      -7.1792159       6.3754015    
  0.69163913     -0.72224331     -8.47472705E-08
  0.72224319      0.69163913     -2.11028322E-07
   0.0000000       0.0000000      1.00000000    
           0           3          15           5
  -7.4968824      -7.1792159       12.750801    
  0.69163913     -0.72224331     -8.47472705E-08
  0.72224319      0.69163913     -2.11028322E-07
   0.0000000       0.0000000      1.00000000    
           0           3          16           1
  -5.5571947      -10.364129      -12.750799    
  0.88130343     -0.47255096     -1.23157037E-07
  0.47255081      0.88130337     -2.05780481E-07
   0.0000000       0.0000000      1.00000000    
           0           3          16           2
  -5.5571947      -10.364129      -6.3753986    
  0.88130343     -0.47255096     -1.23157037E-07
  0.47255081      0.88130337     -2.05780481E-07
   0.0000000       0.0000000      1.00000000    
           0           3          16           3
  -5.5571947      -10.364129      1.38984512E-06
  0.88130343     -0.47255096     -1.23157037E-07
  0.47255081      0.88130337     -2.05780481E-07
   0.0000000       0.0000000      1.00000000    
           0           3          16           4
  -5.5571947      -10.364129       6.3754015    
  0.88130343     -0.47255096     -1.23157037E-07
  0.47255081      0.88130337     -2.05780481E-07
   0.0000000       0.0000000      1.00000000    
           0           3          16           5
  -5.5571947      -10.364129       12.750801    
  0.88130343     -0.47255096     -1.23157037E-07
  0.47255081      0.88130337     -2.05780481E-07
   0.0000000       0.0000000      1.00000000    
           0           4           1           1
   6.5061502      -14.041959      -15.938498    
  0.90733773      0.42040238     -2.03497507E-07
 -0.42040220      0.90733790     -1.29992060E-07
   0.0000000       0.0000000      1.00000000    
           0           4           1           2
   6.5061502      -14.041959      -9.5630980    
  0.90733773      0.42040238     -2.03497507E-07
 -0.42040220      0.90733790     -1.29992060E-07
   0.0000000       0.0000000      1.00000000    
           0           4           1           3
   6.5061502      -14.041959      -3.1876981    
  0.90733773      0.42040238     -2.03497507E-07
 -0.42040220      0.90733790     -1.29992060E-07
   0.0000000       0.0000000      1.00000000    
           0           4           1           4
   6.5061502      -14.041959       3.1877019    
  0.90733773      0.42040238     -2.03497507E-07
 -0.42040220      0.90733790     -1.29992060E-07
   0.0000000       0.0000000      1.00000000    
           0           4           1           5
   6.5061502      -14.041959       9.5631018    
  0.90733773      0.42040238     -2.03497507E-07
 -0.42040220      0.90733790     -1.29992060E-07
   0.0000000       0.0000000      1.00000000    
           0           4           1           6
   6.5061502      -14.041959       15.938502    
  0.90733773      0.42040238     -2.03497507E-07
 -0.42040220      0.90733790     -1.29992060E-07
   0.0000000       0.0000000      1.00000000    
           0           4           2           1
   10.104676      -13.283510      -15.938499    
  0.79589617      0.60543305     -2.09930874E-07
 -0.60543329      0.79589611     -1.04073571E-07
   0.0000000       0.0000000      1.00000000    
           0           4           2           2
   10.104676      -13.283510      -9.5630989    
  0.79589617      0.60543305     -2.09930874E-07
 -0.60543329      0.79589611     -1.04073571E-07
   0.0000000       0.0000000      1.00000000    
           0           4           2           3
   10.104676      -13.283510      -3.1876986    
  0.79589617      0.60543305     -2.09930874E-07
 -0.60543329      0.79589611     -1.04073571E-07
   0.0000000       0.0000000      1.00000000    
           0           4           2           4
   10.104676      -13.283510       3.1877015    
  0.79589617      0.60543305     -2.09930874E-07
 -0.60543329      0.79589611     -1.04073571E-07
   0.0000000       0.0000000      1.00000000    
           0           4           2           5
   10.104676      -13.283510       9.5631008    
  0.79589617      0.60543305     -2.09930874E-07
 -0.60543329      0.79589611     -1.04073571E-07
   0.0000000       0.0000000      1.00000000    
           0           4           2           6
   10.104676      -13.283510       15.938501    
  0.79589617      0.60543305     -2.09930874E-07
 -0.60543329      0.79589611     -1.04073571E-07
   0.0000000       0.0000000      1.00000000    
           0           4           3           1
   13.483581      -11.779062      -15.938499    
  0.65790117      0.75310421     -2.10776790E-07
 -0.75310421      0.65790123     -7.90998698E-08
   0.0000000       0.0000000      1.00000000    
           0           4           3           2
   13.483581      -11.779062      -9.5630989    
  0.65790117      0.75310421     -2.10776790E-07
 -0.75310421      0.65790123     -7.90998698E-08
   0.0000000       0.0000000      1.00000000    
           0           4           3           3
   13.483581      -11.779062      -3.1876991    
  0.65790117      0.75310421     -2.10776790E-07
 -0.75310421      0.65790123     -7.90998698E-08
   0.0000000       0.0000000      1.00000000    
           0           4           3           4
   13.483581      -11.779062       3.1877010    
  0.65790117      0.75310421     -2.10776790E-07
 -0.75310421      0.65790123     -7.90998698E-08
   0.0000000       0.0000000      1.00000000    
           0           4           3           5
   13.483581      -11.779062       9.5631008    
  0.65790117      0.75310421     -2.10776790E-07
 -0.75310421      0.65790123     -7.90998698E-08
   0.0000000       0.0000000      1.00000000    
           0           4           3           6
   13.483581      -11.779062       15.938501    
  0.65790117      0.75310421     -2.10776790E-07
 -0.75310421      0.65790123     -7.90998698E-08
   0.0000000       0.0000000      1.00000000    
           0           4           4           1
   13.525126      -7.5218053      -15.938500    
  0.48603061      0.87394172     -2.06315349E-07
 -0.87394190      0.48603052     -5.35104867E-08
   0.0000000       0.0000000      1.00000000    
           0           4           4           2
   13.525126      -7.5218053      -9.5630999    
  0.48603061      0.87394172     -2.06315349E-07
 -0.87394190      0.48603052     -5.35104867E-08
   0.0000000       0.0000000      1.00000000    
           0           4           4           3
   13.525126      -7.5218053      -3.1876993    
  0.48603061      0.87394172     -2.06315349E-07
 -0.87394190      0.48603052     -5.35104867E-08
   0.0000000       0.0000000      1.00000000    
           0           4           4           4
   13.525126      -7.5218053       3.1877007    
  0.48603061      0.87394172     -2.06315349E-07
 -0.87394190      0.48603052     -5.35104867E-08
   0.0000000       0.0000000      1.00000000    
           0           4           4           5
   13.525126      -7.5218053       9.5630999    
  0.48603061      0.87394172     -2.06315349E-07
 -0.87394190      0.48603052     -5.35104867E-08
   0.0000000       0.0000000      1.00000000    
           0           4           4           6
   13.525126      -7.5218053       15.938500    
  0.48603061      0.87394172     -2.06315349E-07
 -0.87394190      0.48603052     -5.35104867E-08
   0.0000000       0.0000000      1.00000000    
           0           4           5           1
   15.987730      -4.7904663      -15.938500    
  0.28702617      0.95792270     -1.96259663E-07
 -0.95792276      0.28702608     -2.87711188E-08
   0.0000000       0.0000000      1.00000000    
           0           4           5           2
   15.987730      -4.7904663      -9.5630999    
  0.28702617      0.95792270     -1.96259663E-07
 -0.95792276      0.28702608     -2.87711188E-08
   0.0000000       0.0000000      1.00000000    
           0           4           5           3
   15.987730      -4.7904663      -3.1876998    
  0.28702617      0.95792270     -1.96259663E-07
 -0.95792276      0.28702608     -2.87711188E-08
   0.0000000       0.0000000      1.00000000    
           0           4           5           4
   15.987730      -4.7904663       3.1877003    
  0.28702617      0.95792270     -1.96259663E-07
 -0.95792276      0.28702608     -2.87711188E-08
   0.0000000       0.0000000      1.00000000    
           0           4           5           5
   15.987730      -4.7904663       9.5630999    
  0.28702617      0.95792270     -1.96259663E-07
 -0.95792276      0.28702608     -2.87711188E-08
   0.0000000       0.0000000      1.00000000    
           0           4           5           6
   15.987730      -4.7904663       15.938500    
  0.28702617      0.95792270     -1.96259663E-07
 -0.95792276      0.28702608     -2.87711188E-08
   0.0000000       0.0000000      1.00000000    
           0           4           6           1
   17.833673      -1.5853379      -15.938500    
  8.85469019E-02  0.99607199     -1.82243184E-07
 -0.99607199      8.85467827E-02 -8.08439893E-09
